X	Y	M11	M22
-6.13	0.61	33.36	38.48
-6.13	0	80.55	168.19
-5.53	0	-11.19	116.17
-5.53	0.61	-35.47	20.64
-6.13	-0.47	149.12	345.68
-5.53	-0.47	56.64	261.79
-6.13	-0.89	116.17	194.11
-5.53	-0.89	-78.44	177.82
-6.13	-1.49	58.41	-53.17
-5.53	-1.49	-106.82	66.27
-6.13	-2.09	-80.55	-131.98
-5.53	-2.09	-116.07	-138.17
-6.13	-2.69	-107.88	-175.91
-5.53	-2.69	-123.32	-183.23
-6.13	-3.29	-126.72	-192.83
-5.53	-3.29	-130.34	-199.69
-6.13	-3.89	-135.85	-182.79
-5.53	-3.89	-133.84	-184.51
-6.13	-4.49	-131.42	-145.79
-5.53	-4.49	-128.77	-135.92
-6.13	-5.09	-110.58	-84.85
-5.53	-5.09	-109.99	-60.06
-6.13	-5.43	-89.74	-39.66
-5.53	-5.43	-91.81	-5.54
-6.13	-6.29	-90.67	112.05
-5.53	-6.29	-125.74	139.65
-6.13	-6.82	-106.94	258.22
-5.53	-6.82	-150.95	207.23
-6.13	-7.42	-137.73	250.71
-5.53	-7.42	-136.47	207.63
-6.13	-8.09	-41.94	165.68
-5.53	-8.09	-115.08	132.29
-6.13	-8.69	-34.24	-3.00
-5.53	-8.69	-86.73	24.73
-6.13	-9.29	-62.08	-94.62
-5.53	-9.29	-81.16	-99.35
-6.13	-9.89	-74.29	-150.16
-5.53	-9.89	-78.87	-159.30
-6.13	-10.49	-73.10	-172.64
-5.53	-10.49	-71.41	-185.44
-6.13	-11.09	-78.13	-182.96
-5.53	-11.09	-68.13	-192.01
-6.13	-11.69	-82.13	-173.54
-5.53	-11.69	-71.84	-181.97
-6.13	-12.29	-77.52	-135.22
-5.53	-12.29	-72.61	-140.91
-6.13	-12.89	-57.12	-64.05
-5.53	-12.89	-73.80	-61.13
-6.13	-13.49	-22.14	68.86
-5.53	-13.49	-83.65	92.59
-6.13	-14.38	-93.51	190.94
-5.53	-14.38	-81.97	177.61
-6.13	-14.69	-75.91	226.41
-5.53	-14.69	-78.98	175.12
-6.13	-15.29	-39.62	126.27
-5.53	-15.29	-49.94	127.31
-6.13	-15.89	-24.69	42.30
-5.53	-15.89	-34.30	64.35
-4.93	0	-98.51	90.55
-4.93	0.61	-73.13	-6.89
-4.93	-0.47	-146.72	148.75
-4.93	-0.89	-147.68	148.60
-4.93	-1.49	-138.47	63.90
-4.93	-2.09	-123.11	-125.20
-4.93	-2.69	-119.02	-178.28
-4.93	-3.29	-117.29	-198.47
-4.93	-3.89	-114.40	-183.52
-4.93	-4.49	-110.12	-126.31
-4.93	-5.09	-98.07	-33.39
-4.93	-5.43	-70.91	43.43
-4.93	-6.29	-86.39	146.94
-4.93	-6.82	-106.41	197.14
-4.93	-7.42	-125.49	213.80
-4.93	-8.09	-132.74	157.50
-4.93	-8.69	-109.00	47.10
-4.93	-9.29	-91.80	-119.34
-4.93	-9.89	-81.37	-175.24
-4.93	-10.49	-69.37	-201.56
-4.93	-11.09	-53.21	-199.29
-4.93	-11.69	-55.39	-191.25
-4.93	-12.29	-56.51	-154.64
-4.93	-12.89	-64.04	-83.36
-4.93	-13.49	-82.55	132.49
-4.93	-14.38	-59.60	216.99
-4.93	-14.69	-43.36	197.47
-4.93	-15.29	-35.35	159.42
-4.93	-15.89	-19.98	81.29
-4.33	0	-124.74	76.59
-4.33	0.61	-108.27	-38.58
-4.33	-0.47	-145.94	146.76
-4.33	-0.89	-158.04	128.45
-4.33	-1.49	-98.59	48.08
-4.33	-2.09	-97.75	-110.32
-4.33	-2.69	-95.66	-166.48
-4.33	-3.29	-87.12	-189.22
-4.33	-3.89	-72.99	-176.76
-4.33	-4.49	-53.88	-121.65
-4.33	-5.09	59.19	103.75
-4.33	-5.43	-41.93	113.88
-4.33	-6.29	52.77	155.28
-4.33	-6.82	35.85	203.99
-4.33	-7.42	-84.24	271.58
-4.33	-8.09	74.16	202.42
-4.33	-8.69	-78.46	-64.70
-4.33	-9.29	-80.47	-138.92
-4.33	-9.89	-76.15	-192.49
-4.33	-10.49	-65.47	-219.23
-4.33	-11.09	-47.42	-217.32
-4.33	-11.69	-32.41	-197.44
-4.33	-12.29	-24.43	-163.31
-4.33	-12.89	76.15	-107.64
-4.33	-13.49	164.26	174.31
-4.33	-14.38	22.14	308.56
-4.33	-14.69	120.57	329.21
-4.33	-15.29	116.49	170.25
-4.33	-15.89	62.10	70.66
-3.6	0	-87.63	58.18
-3.6	0.61	-110.35	-53.40
-3.6	-0.47	-31.83	95.52
-3.6	-0.89	116.73	248.80
-3.6	-1.49	-40.91	-30.51
-3.6	-2.09	-61.16	-94.45
-3.6	-2.69	-55.97	-147.62
-3.6	-3.29	-40.38	-170.02
-3.6	-3.89	34.05	-154.58
-3.6	-4.49	81.84	-93.10
-3.6	-5.09	186.44	79.37
-3.6	-5.43	304.16	316.87
-3.6	-6.29	129.92	115.32
-3.6	-6.82	171.94	182.59
-3.6	-7.42	387.21	528.44
-3.6	-8.09	131.85	117.02
-3.6	-8.69	59.63	-52.08
-3.6	-9.29	-52.31	-145.67
-3.6	-9.89	-62.06	-206.23
-3.6	-10.49	-58.41	-237.09
-3.6	-11.09	-44.66	-238.98
-3.6	-11.69	-20.53	-212.25
-3.6	-12.29	17.27	-161.04
-3.6	-12.89	74.20	-86.37
-3.6	-13.49	163.42	-35.21
-3.6	-14.38	635.09	715.81
-3.6	-14.69	406.71	319.45
-3.6	-15.29	178.62	140.04
-3.6	-15.89	91.99	69.11
-3.6	3.8	-37.88	34.67
-3.6	3.38	36.05	-35.50
-3.13	3.38	-36.54	-60.14
-3.13	3.8	16.49	14.65
-3.6	2.71	-52.58	-119.92
-3.13	2.71	-63.56	-133.49
-3.6	2.11	-82.06	-141.41
-3.13	2.11	-86.23	-158.78
-3.6	1.51	-102.53	-125.04
-3.13	1.51	-102.80	-136.60
-3.13	0.61	-98.89	-45.38
-3.13	0	-67.80	64.02
-3.13	-0.47	-39.97	102.47
-3.13	-0.89	-64.03	133.77
-3.13	-1.49	-48.42	58.95
-3.13	-2.09	-37.99	-80.00
-3.13	-2.69	-25.39	-128.62
-3.13	-3.29	-7.52	-151.84
-3.13	-3.89	30.17	-134.27
-3.13	-4.49	63.02	-60.23
-3.13	-5.09	100.91	99.12
-3.13	-5.43	88.81	174.98
-3.13	-6.29	142.79	189.52
-3.13	-6.82	148.13	263.36
-3.13	-7.42	73.60	343.62
-3.13	-8.09	79.02	157.88
-3.13	-8.69	52.47	-31.45
-3.13	-9.29	-37.57	-140.43
-3.13	-9.89	-52.69	-210.07
-3.13	-10.49	-54.34	-245.57
-3.13	-11.09	-45.87	-250.60
-3.13	-11.69	-28.57	-227.27
-3.13	-12.29	24.70	-176.35
-3.13	-12.89	72.72	-105.72
-3.13	-13.49	178.77	114.50
-3.13	-14.38	139.57	408.03
-3.13	-14.69	255.20	407.58
-3.13	-15.29	193.40	211.31
-3.13	-15.89	101.85	108.87
-2.53	3.38	-35.63	-81.18
-2.53	3.8	21.08	20.26
-2.53	2.71	-58.57	-149.36
-2.53	2.11	-70.55	-172.37
-2.53	1.51	-78.33	-144.62
-2.53	0.61	-65.77	70.41
-2.53	0	-35.01	102.13
-2.53	-0.47	-19.97	105.35
-2.53	-0.89	-20.12	98.57
-2.53	-1.49	-18.78	47.40
-2.53	-2.09	0.58	-43.36
-2.53	-2.69	16.53	-119.41
-2.53	-3.29	27.46	-151.32
-2.53	-3.89	40.20	-131.82
-2.53	-4.49	49.77	-54.20
-2.53	-5.09	51.91	66.96
-2.53	-5.43	68.90	128.58
-2.53	-6.29	91.07	219.92
-2.53	-6.82	62.36	269.07
-2.53	-7.42	25.44	281.53
-2.53	-8.09	34.89	185.17
-2.53	-8.69	49.31	41.40
-2.53	-9.29	37.84	-134.38
-2.53	-9.89	-42.04	-211.44
-2.53	-10.49	-48.23	-251.36
-2.53	-11.09	-46.27	-258.80
-2.53	-11.69	-38.32	-236.41
-2.53	-12.29	-27.08	-186.25
-2.53	-12.89	38.23	-104.20
-2.53	-13.49	34.13	86.71
-2.53	-14.38	-31.47	237.89
-2.53	-14.69	-74.50	285.62
-2.53	-15.29	92.15	238.21
-2.53	-15.89	64.43	152.87
-1.93	3.38	-28.73	-88.69
-1.93	3.8	25.23	-21.81
-1.93	2.71	-41.92	-155.54
-1.93	2.11	41.43	-176.45
-1.93	1.51	92.87	-150.34
-1.93	0.61	124.32	135.44
-1.93	0	107.81	160.32
-1.93	-0.47	94.59	132.69
-1.93	-0.89	85.81	109.94
-1.93	-1.49	67.29	62.90
-1.93	-2.09	66.09	-28.40
-1.93	-2.69	63.17	-122.66
-1.93	-3.29	51.52	-157.86
-1.93	-3.89	52.22	-139.71
-1.93	-4.49	59.92	-69.06
-1.93	-5.09	101.75	71.85
-1.93	-5.43	95.52	143.97
-1.93	-6.29	127.94	214.47
-1.93	-6.82	139.35	314.08
-1.93	-7.42	64.81	355.43
-1.93	-8.09	105.02	220.86
-1.93	-8.69	74.22	53.85
-1.93	-9.29	49.90	-131.02
-1.93	-9.89	-30.63	-210.83
-1.93	-10.49	-40.38	-253.33
-1.93	-11.09	-43.23	-261.68
-1.93	-11.69	-41.59	-237.87
-1.93	-12.29	-39.53	-182.07
-1.93	-12.89	-41.54	-92.43
-1.93	-13.49	-42.19	26.96
-1.93	-14.38	-90.35	182.08
-1.93	-14.69	-108.27	217.73
-1.93	-15.29	-104.56	221.27
-1.93	-15.89	-77.19	177.54
-1.52	3.38	-23.53	-88.92
-1.52	3.8	23.98	-21.37
-1.52	2.71	-28.78	-152.93
-1.52	2.11	36.06	-163.55
-1.52	1.51	75.95	-146.16
-1.52	0.61	255.76	167.05
-1.52	0	271.49	224.93
-1.52	-0.47	217.07	170.11
-1.52	-0.89	183.80	137.76
-1.52	-1.49	161.85	94.01
-1.52	-2.09	129.36	14.81
-1.52	-2.69	72.20	-118.60
-1.52	-3.29	56.70	-155.10
-1.52	-3.89	56.86	-144.98
-1.52	-4.49	68.99	-84.32
-1.52	-5.09	128.09	35.25
-1.52	-5.43	208.39	194.61
-1.52	-6.29	156.29	200.72
-1.52	-6.82	187.15	308.36
-1.52	-7.42	237.12	485.82
-1.52	-8.09	140.99	206.43
-1.52	-8.69	92.32	53.84
-1.52	-9.29	57.60	-127.68
-1.52	-9.89	32.11	-208.49
-1.52	-10.49	-32.54	-252.28
-1.52	-11.09	-37.22	-261.10
-1.53	-11.69	-36.32	-235.60
-1.53	-12.29	-32.96	-175.75
-1.53	-12.89	-41.82	-94.25
-1.53	-13.49	-70.06	31.77
-1.53	-14.38	-101.51	170.77
-1.53	-14.69	-107.51	200.01
-1.53	-15.29	-94.88	211.42
-1.53	-15.89	-68.15	185.09
-0.72	2.71	-16.92	-142.38
-0.72	3.38	-16.34	-84.08
-0.72	2.11	14.06	-145.40
-0.72	1.51	34.47	-88.20
-0.72	0.61	55.41	75.99
-0.72	0	89.59	175.49
-0.72	-0.47	95.80	181.59
-0.72	-0.89	91.27	149.83
-0.72	-1.49	72.06	84.44
-0.73	-2.09	56.11	-6.49
-0.73	-2.69	55.26	-90.30
-0.73	-3.29	49.41	-146.57
-0.73	-3.89	48.46	-147.32
-0.73	-4.49	56.00	-99.78
-0.73	-5.09	56.56	11.10
-0.73	-5.43	64.54	66.07
-0.73	-6.29	155.49	213.20
-0.73	-6.82	188.97	315.14
-0.73	-7.42	238.88	535.71
-0.73	-8.09	148.55	210.67
-0.73	-8.69	101.78	44.13
-0.73	-9.29	64.07	-115.44
-0.73	-9.89	35.62	-202.04
-0.73	-10.49	-16.63	-249.68
-0.73	-11.09	-22.57	-261.19
-0.73	-11.69	-19.06	-237.75
-0.73	-12.29	-23.95	-197.41
-0.73	-12.89	-38.22	-138.81
-0.73	-13.49	-58.60	-56.80
-0.73	-14.38	-60.82	184.89
-0.73	-14.69	-45.28	209.04
-0.73	-15.29	51.21	219.06
-0.73	-15.89	65.01	201.62
0	2.71	-15.96	-131.72
0	3.38	-12.99	-76.96
0	2.11	-11.44	-131.99
0	1.51	-8.02	-91.85
0	0.61	26.19	28.18
0	0	92.43	143.10
0	-0.47	132.04	202.86
0	-0.89	122.69	164.82
0	-1.49	106.32	99.08
0	-2.09	82.94	13.78
0	-2.69	44.91	-89.79
0	-3.29	33.38	-136.26
0	-3.89	28.94	-140.47
0	-4.49	26.70	-99.94
0	-5.09	30.71	-28.18
0	-5.43	51.06	30.88
0	-6.29	101.34	191.62
0	-6.82	132.16	320.27
0	-7.42	171.44	498.57
0	-8.09	129.05	238.50
0	-8.69	87.60	45.43
0	-9.29	58.64	-99.96
0	-9.89	33.13	-192.98
0	-10.49	13.48	-245.28
0	-11.09	-8.89	-261.56
0	-11.69	-4.45	-245.75
0	-12.29	17.87	-214.55
0	-12.89	60.73	-163.27
0	-13.49	136.34	-77.39
0	-14.38	168.48	251.59
0	-14.69	154.03	259.36
0	-15.29	177.26	241.43
0	-15.89	201.03	207.40
0.7	2.71	-18.19	-128.34
0.7	3.38	-11.09	-72.94
0.7	2.11	-18.76	-130.64
0.7	1.51	-13.37	-93.67
0.7	0.61	11.65	22.50
0.7	0	21.67	124.46
0.7	-2.69	39.29	-84.92
0.7	-2.09	42.79	2.63
0.7	-3.29	28.01	-133.56
0.7	-3.89	20.03	-136.35
0.7	-4.49	19.06	-101.22
0.7	-5.09	29.09	-35.93
0.7	-5.43	39.95	18.39
0.7	-6.29	81.94	182.90
0.7	-6.82	111.71	315.54
0.7	-7.42	153.36	485.48
0.7	-8.09	111.49	235.28
0.7	-8.69	82.30	50.74
0.7	-9.29	53.70	-90.67
0.7	-9.89	28.78	-185.13
0.7	-10.49	10.85	-240.14
0.7	-11.09	1.91	-260.74
0.7	-11.69	3.83	-250.54
0.7	-12.29	19.82	-212.21
0.7	-12.89	56.74	-145.29
0.7	-13.49	123.13	-74.25
0.7	-14.38	430.78	294.14
0.7	-14.69	491.30	383.91
0.7	-15.29	434.36	292.16
0.7	-15.89	381.63	232.10
1.08	2.71	-18.24	-130.39
1.08	3.38	-13.72	-76.08
1.08	2.11	-15.55	-130.25
1.08	1.51	-9.98	-91.35
1.08	0.61	15.72	22.50
1.08	0	37.92	125.59
1.08	-2.69	40.94	-85.23
1.08	-2.09	55.37	6.19
1.08	-3.29	33.00	-137.28
1.08	-3.89	27.33	-141.27
1.08	-4.49	25.55	-103.94
1.08	-5.09	31.53	-34.30
1.08	-5.43	39.64	17.56
1.08	-6.29	85.41	182.03
1.08	-6.82	116.80	315.67
1.08	-7.42	159.36	490.44
1.08	-8.09	121.24	240.37
1.08	-8.69	86.09	50.46
1.08	-9.29	54.99	-90.98
1.08	-9.89	29.78	-185.28
1.08	-10.49	10.75	-239.19
1.08	-11.09	0.24	-258.27
1.08	-11.69	5.05	-251.29
1.08	-12.29	25.38	-217.77
1.08	-12.89	67.64	-162.64
1.08	-13.49	163.95	-83.82
1.08	-14.38	268.79	288.58
1.07	-14.69	266.31	302.14
1.07	-15.29	296.70	274.85
1.07	-15.89	291.38	219.21
1.4	2.71	-17.80	-134.22
1.4	3.38	-15.88	-79.75
1.4	2.11	-10.39	-131.91
1.4	1.51	-5.16	-89.78
1.4	0.61	28.05	30.72
1.4	0	94.25	143.27
1.4	-2.69	48.25	-93.37
1.4	-2.09	83.39	10.77
1.4	-3.29	39.66	-141.06
1.4	-3.89	36.55	-145.86
1.4	-4.49	34.95	-105.20
1.4	-5.09	35.51	-29.74
1.4	-5.43	49.58	26.70
1.4	-6.29	101.55	189.51
1.4	-6.82	134.07	320.02
1.4	-7.42	173.58	501.79
1.4	-8.09	135.14	242.66
1.4	-8.69	89.83	46.05
1.4	-9.29	60.53	-96.47
1.4	-9.89	34.32	-189.65
1.4	-10.49	14.00	-241.90
1.4	-11.09	-3.03	-258.13
1.4	-11.69	-4.99	-248.85
1.4	-12.29	24.54	-218.74
1.4	-12.89	68.86	-167.19
1.4	-13.49	132.95	-80.80
1.4	-14.38	178.11	246.30
1.4	-14.69	170.91	264.60
1.4	-15.29	182.04	244.65
1.4	-15.89	201.44	209.36
2.28	2.71	-19.08	-147.47
2.28	3.38	-19.41	-88.12
2.28	2.11	24.40	-151.90
2.28	1.51	46.00	-90.76
2.28	0.61	80.17	92.02
2.28	0	112.38	185.27
1.4	-0.47	137.82	205.73
2.28	-0.47	112.72	180.76
1.4	-0.89	126.07	166.85
2.28	-0.89	104.86	146.69
1.4	-1.49	107.46	98.07
2.28	-1.49	82.34	80.39
2.28	-2.09	64.09	-9.54
2.28	-2.69	65.11	-97.68
2.28	-3.29	60.45	-153.15
2.28	-3.89	61.26	-152.09
2.28	-4.49	71.59	-102.01
2.28	-5.09	75.69	23.60
2.28	-5.43	78.25	76.08
2.28	-6.29	168.06	213.83
2.28	-6.82	202.82	315.78
2.28	-8.09	163.50	214.95
2.28	-8.69	111.86	47.65
2.28	-9.29	70.64	-112.55
2.28	-9.89	40.54	-198.04
2.28	-10.49	18.09	-245.12
2.28	-11.09	-15.49	-256.31
2.28	-11.69	-13.09	-232.52
2.28	-12.29	-23.95	-194.87
2.28	-12.89	-41.41	-134.73
2.28	-13.49	-63.30	-54.15
2.28	-14.38	-71.70	179.31
2.28	-14.69	-60.05	201.59
2.28	-15.29	40.38	212.34
2.28	-15.89	50.13	194.13
2.93	2.71	-32.05	-157.47
2.93	3.37	-26.75	-94.06
2.93	2.12	43.78	-169.16
2.93	1.52	85.06	-153.22
2.93	0.62	269.49	170.91
2.93	0	283.87	228.08
2.93	-0.47	227.44	170.60
2.93	-0.89	192.39	136.67
2.93	-1.49	167.92	89.56
2.93	-2.09	135.04	9.23
2.93	-2.69	80.78	-123.89
2.93	-3.29	67.48	-160.10
2.93	-3.89	68.89	-148.78
2.93	-4.48	81.99	-88.42
2.93	-5.08	135.48	30.19
2.93	-5.42	215.30	192.66
2.93	-6.28	167.07	201.76
2.93	-6.82	200.58	315.31
2.93	-7.42	241.09	495.56
2.93	-8.08	158.72	221.40
2.93	-8.68	104.77	63.20
2.93	-9.28	67.80	-120.53
2.93	-9.88	40.63	-201.97
2.93	-10.49	20.57	-247.06
2.93	-11.08	-25.17	-256.46
2.93	-11.68	-24.64	-232.61
2.93	-12.28	-21.87	-174.34
2.92	-12.88	-33.44	-96.92
2.92	-13.48	-61.53	29.33
2.92	-14.37	-93.96	167.32
2.92	-14.68	-100.27	197.51
2.92	-15.28	-88.58	209.03
2.92	-15.88	-61.11	181.64
2.93	3.8	27.69	-25.01
3.48	3.38	-35.09	-91.33
3.48	3.8	27.86	-24.59
3.48	2.71	-50.02	-159.26
3.48	2.11	-49.63	-182.35
3.48	1.51	93.19	-154.46
3.48	0.61	102.63	123.58
3.48	0	82.40	145.83
3.48	-0.47	72.06	124.23
3.48	-0.89	67.50	102.78
3.48	-1.49	51.99	50.57
3.48	-2.09	58.28	-40.36
3.48	-2.69	64.99	-127.88
3.48	-3.29	60.18	-161.94
3.48	-3.89	64.28	-141.75
3.48	-4.49	69.04	-64.64
3.48	-5.09	96.50	72.84
3.48	-5.43	86.87	134.23
3.48	-6.29	126.95	222.07
3.48	-6.82	128.18	314.51
3.48	-7.43	47.31	331.90
3.48	-8.09	101.17	228.95
3.48	-8.69	81.64	62.20
3.48	-9.29	59.37	-123.96
3.48	-9.89	38.10	-203.83
3.48	-10.49	-27.26	-246.64
3.48	-11.09	-29.21	-255.75
3.48	-11.69	-27.00	-233.49
3.48	-12.29	-24.50	-180.19
3.48	-12.89	-26.88	-92.53
3.48	-13.49	-28.32	36.44
3.48	-14.38	-72.14	188.99
3.48	-14.69	-94.52	225.45
3.48	-15.29	-91.14	220.47
3.48	-15.89	-63.45	166.49
4.08	3.38	-42.36	-80.40
4.08	3.8	21.49	23.33
4.08	2.71	-67.54	-151.08
4.08	2.11	-80.93	-176.76
4.08	1.51	-90.10	-150.78
4.08	0.61	-75.95	61.06
4.08	0	-43.07	92.29
4.08	-0.47	-25.93	101.13
4.08	-0.89	-28.19	99.24
4.08	-1.49	-21.45	45.63
4.08	-2.09	8.95	-57.39
4.08	-2.69	20.05	-123.97
4.08	-3.29	35.64	-154.10
4.08	-3.89	53.84	-134.28
4.08	-4.49	70.23	-56.88
4.08	-5.09	63.72	70.64
4.08	-5.43	80.11	133.90
4.08	-6.29	106.23	220.84
4.08	-6.82	73.32	265.76
4.08	-7.43	44.91	295.61
4.08	-8.09	46.75	189.05
4.08	-8.69	61.65	46.61
4.08	-9.29	49.76	-125.53
4.08	-9.89	32.59	-202.30
4.08	-10.49	-31.11	-242.60
4.08	-11.09	-27.50	-251.10
4.08	-11.69	-17.88	-230.36
4.08	-12.29	33.64	-182.55
4.08	-12.89	64.69	-105.07
4.08	-13.49	75.88	98.81
4.08	-14.38	47.88	260.01
4.08	-14.69	99.99	308.43
4.08	-15.29	126.66	233.43
4.08	-15.89	85.00	136.55
4.68	3.38	-39.61	-51.65
4.68	3.8	16.38	17.94
4.68	2.71	-68.98	-135.62
4.68	2.11	-93.88	-163.42
4.68	1.51	-110.95	-144.24
4.68	0.61	-105.65	-60.74
4.68	0	-69.50	59.10
4.68	-0.47	-21.77	94.55
4.68	-0.89	-42.69	155.70
4.68	-1.49	-36.02	52.82
4.68	-2.09	-30.76	-93.38
4.68	-2.69	-17.99	-138.99
4.68	-3.29	18.93	-158.68
4.68	-3.89	45.51	-138.05
4.68	-4.49	85.23	-63.88
4.68	-5.09	145.24	111.65
4.68	-5.43	129.38	202.47
4.68	-6.29	168.27	181.53
4.68	-6.82	192.13	266.93
4.68	-7.43	136.18	394.29
4.68	-8.09	111.47	159.72
4.68	-8.69	71.57	28.13
4.68	-9.29	44.48	-129.07
4.68	-9.89	-33.21	-198.02
4.68	-10.49	-32.66	-234.27
4.68	-11.09	-22.55	-240.75
4.68	-11.69	19.16	-219.03
4.68	-12.29	41.70	-169.21
4.68	-12.89	90.11	-99.33
4.68	-13.49	220.21	98.37
4.68	-14.38	238.15	478.12
4.68	-14.69	332.26	415.17
4.68	-15.29	220.88	189.86
4.68	-15.89	116.50	88.82
5	3.38	41.90	-26.29
5	3.8	-32.19	31.30
5	2.71	-59.89	-127.19
5	2.11	-89.04	-149.20
5	1.51	-109.12	-134.82
5	0.61	-114.82	-66.90
5	0	-88.76	60.15
5	-0.47	31.57	94.25
5	-0.89	132.97	248.34
5	-1.49	-31.85	-40.77
5	-2.09	-47.39	-102.91
5	-2.69	-40.23	-154.82
5	-3.29	22.30	-174.59
5	-3.89	53.13	-155.77
5	-4.49	100.23	-89.68
5	-5.09	199.92	76.98
5	-5.43	310.63	315.34
5	-6.29	147.48	123.24
5	-6.82	193.13	200.79
5	-7.43	395.65	537.25
5	-8.09	150.96	135.36
5	-8.69	79.81	43.35
5	-9.29	42.10	-131.28
5	-9.89	-36.58	-193.37
5	-10.49	-31.90	-226.60
5	-11.09	-18.10	-231.09
5	-11.69	12.21	-206.76
5	-12.29	42.16	-162.93
5	-12.89	100.27	-90.94
5	-13.49	184.27	-32.83
5	-14.38	643.72	708.22
5	-14.69	421.15	320.78
5	-15.29	190.44	130.41
5	-15.89	103.11	57.02
5.88	0	-136.95	81.10
5.88	0.61	-117.42	-49.41
5.88	-0.47	-160.19	145.19
5.88	-0.89	-173.41	116.56
5.88	-1.49	-106.78	48.26
5.88	-2.09	-95.34	-126.11
5.88	-2.69	-86.28	-180.60
5.88	-3.29	-72.90	-199.92
5.88	-3.89	-56.11	-182.26
5.88	-4.49	57.35	-120.92
5.88	-5.09	55.32	89.36
5.88	-5.43	-34.49	88.72
5.88	-6.29	61.97	176.64
5.88	-6.82	29.72	214.12
5.88	-7.43	-96.34	265.06
5.88	-8.09	71.97	218.11
5.88	-8.69	-58.62	61.10
5.88	-9.29	-51.75	-114.83
5.88	-9.89	-43.09	-172.04
5.88	-10.49	-30.99	-202.93
5.88	-11.09	-13.57	-205.01
5.88	-11.69	10.99	-196.45
5.88	-12.29	45.00	-161.71
5.88	-12.89	94.31	-103.71
5.88	-13.49	161.30	173.79
5.88	-14.38	-32.96	261.79
5.88	-14.69	102.14	307.81
5.88	-15.29	117.86	170.34
5.88	-15.89	75.53	70.61
6.48	0	-107.92	97.09
6.48	0.61	-80.39	-14.12
6.48	-0.47	-154.55	151.39
6.48	-0.89	-155.13	150.42
6.48	-1.49	-144.26	-76.47
6.48	-2.09	-121.40	-149.21
6.48	-2.69	-108.28	-199.13
6.48	-3.29	-98.74	-214.37
6.48	-3.89	-89.59	-192.40
6.48	-4.49	-80.35	-127.77
6.48	-5.09	-64.01	-30.58
6.48	-5.43	-45.00	35.24
6.48	-6.29	-80.71	170.05
6.48	-6.82	-100.86	226.06
6.48	-7.43	-106.52	234.67
6.48	-8.09	-101.56	172.43
6.48	-8.69	-70.82	60.07
6.48	-9.29	-49.40	-88.61
6.48	-9.89	-37.46	-151.20
6.48	-10.49	-25.99	-184.00
6.48	-11.09	-23.73	-199.22
6.48	-11.69	-24.38	-190.52
6.48	-12.29	29.30	-151.31
6.48	-12.89	45.36	-75.78
6.48	-13.49	-54.25	117.69
6.48	-14.38	-39.26	196.13
6.48	-14.69	-29.92	181.27
6.48	-15.29	-23.81	150.37
6.48	-15.89	30.04	76.10
7.08	0	-19.11	129.50
7.08	0.61	-23.96	17.20
7.08	-0.47	75.99	269.73
7.08	-0.89	-88.63	191.11
7.08	-1.49	-110.73	-95.83
7.08	-2.09	-111.89	-170.28
7.08	-2.69	-109.19	-212.77
7.08	-3.29	-105.95	-223.45
7.08	-3.89	-99.93	-199.97
7.08	-4.49	-86.63	-142.13
7.08	-5.09	-62.00	-57.20
7.08	-5.43	-67.03	-22.38
7.08	-6.29	-99.51	167.12
7.08	-6.82	-122.82	249.74
7.08	-7.43	-97.78	250.41
7.08	-8.09	-59.44	157.52
7.08	-8.69	-29.78	38.89
7.08	-9.29	-24.41	-65.64
7.08	-9.89	-23.71	-133.76
7.08	-10.49	-27.11	-176.87
7.08	-11.09	-30.63	-194.33
7.08	-11.69	-31.46	-183.01
7.08	-12.29	-29.45	-138.97
7.08	-12.89	-26.92	-55.33
7.08	-13.49	-34.22	77.41
7.08	-14.38	-43.60	169.79
7.08	-14.69	-47.05	171.80
7.08	-15.29	-22.85	119.34
7.08	-15.89	-15.18	56.35
7.68	0	104.47	190.93
7.68	0.61	39.07	43.25
7.68	-0.47	182.40	371.79
7.68	-0.89	161.06	222.21
7.68	-1.49	110.50	-90.99
7.68	-2.09	-76.04	-174.39
7.68	-2.69	-91.98	-217.20
7.68	-3.29	-98.15	-228.03
7.68	-3.89	-95.00	-207.87
7.68	-4.49	-80.35	-158.15
7.68	-5.09	-52.61	-83.63
7.68	-5.43	-54.81	-56.36
7.68	-6.29	60.37	139.02
7.68	-6.82	115.94	306.01
7.68	-7.43	-62.76	332.14
7.68	-8.09	79.45	221.20
7.68	-8.69	39.53	42.41
7.68	-9.29	4.73	-67.88
7.68	-9.89	-16.82	-131.76
7.68	-10.49	-26.73	-172.89
7.68	-11.09	-32.50	-189.00
7.68	-11.69	-32.69	-177.76
7.68	-12.29	-25.00	-136.20
7.68	-12.89	19.71	-62.44
7.68	-13.49	43.34	77.52
7.68	-14.38	-27.72	203.93
7.68	-14.69	52.98	227.84
7.68	-15.29	44.32	111.08
7.68	-15.89	11.61	33.27
0.7	-0.47	26.32	159.23
0.7	-0.89	42.39	147.64
0.7	-1.49	47.57	85.17
1.08	-0.47	61.83	177.92
1.08	-0.89	73.07	158.27
1.08	-1.49	67.43	90.61
-0.72	3.8	14.84	-18.19
0	3.8	-4.78	-12.99
0.7	3.8	-2.37	-9.46
1.08	3.8	-5.34	-12.61
1.4	3.8	-7.89	-15.91
2.28	3.8	19.13	-21.64
-10.93	0	188.75	-15.38
-10.93	-0.47	174.38	25.16
-10.4	-0.47	276.38	109.82
-10.4	0	193.79	33.62
-10.93	-0.89	246.88	-52.11
-10.4	-0.89	251.69	77.67
-10.93	-1.49	394.04	-134.18
-10.4	-1.49	240.12	99.40
-10.93	-2.09	-181.54	183.26
-10.4	-2.09	204.80	89.84
-10.93	-2.69	80.83	99.01
-10.4	-2.69	128.01	73.60
-10.93	-3.29	-40.65	59.08
-10.4	-3.29	90.96	37.36
-10.93	-3.89	11.21	27.14
-10.4	-3.89	58.04	8.53
-10.93	-4.49	-15.60	32.15
-10.4	-4.49	62.25	17.94
-10.93	-5.09	39.43	58.35
-10.4	-5.09	82.38	45.89
-10.93	-5.43	-95.92	103.05
-10.4	-5.43	109.47	54.27
-10.93	-6.29	179.39	-71.15
-10.4	-6.29	129.69	46.55
-10.93	-6.82	98.37	-9.44
-10.4	-6.82	109.72	28.85
-10.93	-7.42	92.23	35.63
-10.4	-7.42	137.16	80.79
-10.93	-8.09	176.82	63.69
-10.4	-8.09	97.19	65.64
-10.93	-8.69	-81.63	90.74
-10.4	-8.69	85.30	62.05
-10.93	-9.29	40.82	54.41
-10.4	-9.29	60.99	47.78
-10.93	-9.89	-22.96	33.69
-10.4	-9.89	51.46	25.65
-9.73	-0.47	76.55	70.95
-9.73	0	52.94	49.92
-9.73	-0.89	77.56	81.60
-9.73	-1.49	86.38	64.03
-9.73	-2.09	72.56	-73.72
-9.73	-2.69	-49.55	-82.68
-9.73	-3.29	-44.46	-71.44
-9.73	-3.89	-29.74	-50.34
-9.73	-4.49	-47.48	-58.60
-9.73	-5.09	-62.18	-62.69
-9.73	-5.43	-65.73	-58.53
-9.73	-6.29	-53.53	45.12
-9.73	-6.82	-38.99	49.06
-9.73	-7.42	-35.91	51.91
-9.73	-8.09	-58.78	59.11
-9.73	-8.69	-70.71	46.35
-9.73	-9.29	-73.13	-49.91
-9.73	-9.89	-62.87	-56.17
-9.13	-0.47	-49.20	88.14
-9.13	0	-20.18	61.49
-9.13	-0.89	-66.79	86.89
-9.13	-1.49	-79.44	58.55
-9.13	-2.09	-84.71	-83.60
-9.13	-2.69	-84.02	-100.91
-9.13	-3.29	-77.58	-97.81
-9.13	-3.89	-68.79	-83.12
-9.13	-4.49	-91.86	-93.22
-9.13	-5.09	-106.63	-87.10
-9.13	-5.43	-113.09	-76.46
-9.13	-6.29	-113.35	57.80
-9.13	-6.82	-101.77	71.55
-9.13	-7.42	-87.03	68.71
-9.13	-8.09	-109.09	77.28
-9.13	-8.69	-114.84	53.75
-9.13	-9.29	-108.49	-68.93
-9.13	-9.89	-95.20	-83.85
-8.53	-0.47	-56.92	122.74
-8.53	0	-34.38	108.68
-8.53	-0.89	-80.55	113.55
-8.53	-1.49	-93.20	59.00
-8.53	-2.09	-97.27	-96.76
-8.53	-2.69	-97.29	-118.11
-8.53	-3.29	-92.79	-118.42
-8.53	-3.89	-97.76	-116.89
-8.53	-4.49	-117.53	-121.88
-8.53	-5.09	-128.75	-109.20
-8.53	-5.43	-134.38	-95.58
-8.53	-6.29	-135.81	79.15
-8.53	-6.82	-124.84	112.54
-8.53	-7.42	-100.67	111.27
-8.53	-8.09	-130.30	117.77
-8.53	-8.69	-131.15	69.23
-8.53	-9.29	-120.28	-90.58
-8.53	-9.89	-107.14	-109.61
-7.93	-0.47	46.59	187.55
-7.93	0	73.94	190.83
-7.93	-0.89	72.34	153.43
-7.93	-1.49	-57.79	-48.39
-7.93	-2.09	-78.11	-103.87
-7.93	-2.69	-89.20	-128.93
-7.93	-3.29	-92.32	-132.07
-7.93	-3.89	-114.04	-144.38
-7.93	-4.49	-128.12	-142.63
-7.93	-5.09	-129.67	-123.36
-7.93	-5.43	-127.84	-107.19
-7.93	-6.29	-108.15	91.64
-7.93	-6.82	-100.71	178.32
-7.93	-7.42	-66.52	197.01
-7.93	-8.09	-107.93	180.32
-7.93	-8.69	-104.81	73.10
-7.93	-9.29	-105.19	-109.51
-7.93	-9.89	-101.55	-130.47
-7.42	-0.47	199.15	295.74
-7.42	0	256.64	270.67
-7.42	-0.89	129.99	146.02
-7.42	-1.49	50.59	-31.36
-7.42	-2.09	-45.85	-97.81
-7.42	-2.69	-71.06	-128.85
-7.42	-3.29	-100.24	-152.85
-7.42	-3.89	-122.55	-162.23
-7.42	-4.49	-130.16	-152.13
-7.42	-5.09	-121.39	-124.09
-7.42	-5.43	-109.15	-100.99
-7.42	-6.29	-46.21	67.70
-7.42	-6.82	124.76	217.22
-7.42	-7.42	52.03	356.50
-7.42	-8.09	154.32	210.07
-7.42	-8.69	55.96	-65.81
-7.42	-9.29	-80.37	-113.80
-7.42	-9.89	-89.40	-141.24
-7.42	3.8		
-7.42	3.38	14.17	-11.67
-7	3.38	36.41	-11.88
-7	3.8		
-7.42	2.71	8.75	-73.75
-7	2.71	5.58	-81.16
-7.42	2.11	20.32	-95.02
-7	2.11	15.84	-97.89
-7.42	1.51	58.47	-92.47
-7	1.51	44.09	-68.91
-7.42	0.61	205.15	144.24
-7	0.61	117.17	95.23
-7	0	181.26	237.61
-7	-0.47	222.88	369.27
-7	-0.89	139.40	159.91
-7	-1.49	46.11	-13.28
-7	-2.09	-31.93	-96.86
-7	-2.69	-79.12	-147.09
-7	-3.29	-111.29	-171.71
-7	-3.89	-128.82	-173.56
-7	-4.49	-130.21	-154.03
-7	-5.09	-112.64	-114.94
-7	-5.43	-90.52	-81.88
-7	-6.29	9.95	35.26
-7	-6.82	130.55	115.52
-7	-7.42	461.18	609.23
-7	-8.09	141.13	97.19
-7	-8.69	37.23	-34.50
-7	-9.29	-60.18	-106.89
-7	-9.89	-78.75	-144.25
-7.42	-10.49	-85.39	-147.08
-7	-10.49	-79.53	-156.18
-7.42	-11.09	-90.31	-152.61
-7	-11.09	-86.94	-164.60
-7.42	-11.69	-100.90	-154.66
-7	-11.69	-93.75	-161.79
-7.42	-12.29	-100.24	-137.21
-7	-12.29	-87.67	-136.97
-7.42	-12.89	-85.00	-103.66
-7	-12.89	-61.73	-83.80
-7.42	-13.49	90.27	105.08
-7	-13.49	53.09	-41.61
-7.42	-14.38	35.91	251.10
-7	-14.38	312.75	426.01
-7.42	-14.69	82.47	206.27
-7	-14.69	169.53	183.97
-7.42	-15.29	46.85	87.21
-7	-15.29	39.59	63.95
-7.42	-15.89	-38.69	33.45
-7	-15.89	-17.84	25.59
-7.42	-16.49	-53.01	-36.08
-7	-16.49	-44.62	-30.04
-6.13	3.38	-12.88	11.23
-6.13	3.8		
-6.13	2.71	-23.61	-89.35
-6.13	2.11	-24.78	-112.75
-6.13	1.51	-18.38	-90.45
-6.13	-16.49	-45.31	19.27
-5.53	3.38	-14.24	-12.31
-5.53	3.8		
-5.53	2.71	-34.71	-89.22
-5.53	2.11	-45.24	-113.71
-5.53	1.51	-49.07	-96.08
-5.53	-16.49	-41.68	29.85
-4.93	3.38	-8.32	7.88
-4.93	3.8		
-4.93	2.71	-35.07	-83.87
-4.93	2.11	-51.58	-108.17
-4.93	1.51	-63.20	-91.69
-4.93	-16.49	-17.95	30.95
-4.33	3.38	-0.39	9.93
-4.33	3.8		
-4.33	2.71	-32.63	-87.34
-4.33	2.11	-62.96	-116.73
-4.33	1.51	-84.87	-104.18
-4.33	-16.49	30.18	22.03
-3.6	-16.49	50.11	27.36
-4.33	-17.09	20.65	10.96
-3.6	-17.09	48.93	20.98
-4.33	-17.69	21.82	50.20
-3.6	-17.69	111.98	56.09
-4.33	-18.17	-50.50	80.51
-3.6	-18.17	239.72	250.31
-4.33	-18.89	64.02	-56.21
-3.6	-18.89	82.89	-62.16
-3.13	-16.49	46.31	50.98
-3.13	-17.09	43.59	44.18
-3.13	-17.69	79.15	109.37
-3.13	-18.17	40.74	134.95
-3.13	-18.89	36.61	15.91
-2.53	-16.49	-21.34	88.92
-2.53	-17.09	-19.97	72.36
-2.53	-17.69	-50.47	98.09
-2.53	-18.17	-50.59	85.04
-2.53	-18.89	-38.49	26.50
-1.93	-16.49	-46.71	126.00
-1.93	-17.09	-34.32	94.99
-1.93	-17.69	-58.85	99.08
-1.93	-18.17	-66.84	85.54
-1.93	-18.89	-62.34	38.50
-1.53	-16.49	-40.69	146.11
-1.53	-17.09	-25.66	113.35
-1.53	-17.69	-50.19	112.86
-1.53	-18.17	-63.59	99.79
-1.53	-18.89	-65.26	52.84
-0.73	-16.49	68.75	182.74
-0.73	-17.09	49.53	161.35
-0.73	-17.69	60.61	162.06
-0.73	-18.17	78.53	147.04
-0.73	-18.89	87.87	80.58
0	-16.49	217.76	204.68
0	-17.09	216.12	224.79
0	-17.69	180.62	229.02
0	-18.17	194.53	221.96
0	-18.89	191.70	90.24
0.7	-16.49	381.75	221.74
0.7	-17.09	426.28	252.78
0.7	-17.69	498.36	341.30
0.7	-18.17	451.79	287.45
0.7	-18.89	196.42	-7.41
1.07	-16.49	297.24	209.39
1.07	-17.09	316.67	244.47
1.07	-17.69	294.72	274.20
1.07	-18.17	296.17	267.04
1.07	-18.89	231.90	73.70
1.4	-16.49	215.99	203.79
1.4	-17.09	209.33	218.18
1.4	-17.69	196.82	235.90
1.4	-18.17	210.38	223.40
1.4	-18.89	191.81	94.47
2.28	-16.49	49.37	170.50
2.28	-17.09	36.10	150.18
2.28	-17.69	51.35	151.74
2.28	-18.17	69.87	139.28
2.28	-18.89	84.36	79.98
2.92	-16.48	-32.40	140.65
2.92	-17.08	-24.13	113.51
2.92	-17.68	-50.54	113.67
2.92	-18.17	-65.58	100.32
2.92	-18.88	-69.93	55.07
3.48	-16.49	-33.04	109.32
3.48	-17.09	-30.98	87.36
3.48	-17.69	-58.78	95.54
3.48	-18.17	-67.16	83.02
3.48	-18.89	-64.12	-40.29
4.08	-16.49	34.08	69.21
4.08	-17.09	26.26	64.75
4.08	-17.69	-41.78	99.68
4.08	-18.17	-44.34	89.22
4.08	-18.89	-30.67	24.20
4.68	-16.49	59.41	31.31
4.68	-17.09	68.86	33.33
4.68	-17.69	118.68	105.11
4.68	-18.17	89.90	158.77
4.68	-18.89	70.02	-25.03
5	-16.49	60.31	13.98
5	-17.09	68.19	16.00
5	-17.69	136.04	55.52
5	-18.17	259.00	250.65
5	-18.89	105.03	-85.97
5.88	3.38	9.32	15.62
5.88	3.8		
5.88	2.71	-40.06	-90.17
5.88	2.11	-68.67	-121.10
5.88	1.51	-91.28	-110.66
5.88	-16.49	46.58	18.51
5.88	-17.09	31.97	-8.47
5.88	-17.69	21.39	31.43
5.88	-18.17	-68.07	57.61
5.88	-18.89	77.11	-89.24
6.48	3.38	-1.76	2.92
6.48	3.8		
6.48	2.71	-28.23	-76.44
6.48	2.11	-45.09	-101.25
6.48	1.51	-59.36	-87.86
6.48	-16.49	21.62	25.87
7.08	3.38	-6.78	6.46
7.08	3.8		
7.08	2.71	-26.35	-81.78
7.08	2.11	-36.54	-106.55
7.08	1.51	-39.71	-88.31
7.08	-16.49	-29.67	22.28
7.68	3.38	-3.76	-3.17
7.68	3.8		
7.68	2.71	-13.46	-80.50
7.68	2.11	-14.07	-105.78
7.68	1.51	11.81	-82.11
7.68	-16.49	-30.78	-34.31
8.4	3.38	36.28	4.96
8.4	3.8		
8.4	2.71	3.77	-78.44
8.4	2.11	13.43	-98.04
8.4	1.51	43.83	-69.52
8.4	0.61	125.32	108.42
8.4	0	206.43	268.71
8.4	-0.47	277.58	436.76
8.4	-0.89	203.18	209.27
8.4	-1.49	114.01	-64.96
8.4	-2.09	53.40	-158.68
8.4	-2.69	-68.53	-210.47
8.4	-3.29	-83.27	-228.30
8.4	-3.89	-83.93	-215.59
8.4	-4.49	-71.46	-175.43
8.4	-5.09	-45.40	-112.60
8.4	-5.43	-23.61	-68.30
8.4	-6.29	73.23	79.62
8.4	-6.82	192.96	168.07
8.4	-7.43	545.19	692.36
8.4	-8.09	185.30	137.93
8.4	-8.69	75.89	41.54
8.4	-9.29	25.56	-64.23
8.4	-9.89	-4.00	-120.93
8.4	-10.49	-21.80	-163.35
8.4	-11.09	-31.50	-181.03
8.4	-11.69	-33.42	-173.60
8.4	-12.29	-24.92	-140.83
8.4	-12.89	40.55	-78.20
8.4	-13.49	79.18	-30.83
8.4	-14.38	356.96	430.98
8.4	-14.69	200.64	176.78
8.4	-15.29	77.52	70.69
8.4	-15.89	38.37	27.33
8.4	-16.49	-32.47	-56.14
8.88	3.38	7.40	-4.93
8.88	3.8		
8.88	2.71	7.68	-74.26
8.88	2.11	21.29	-101.07
8.88	1.51	61.13	-95.48
8.88	0.61	217.47	171.48
8.88	0	294.40	323.93
8.88	-0.47	261.19	376.65
8.88	-0.89	146.44	151.46
8.88	-1.49	65.28	-33.38
8.88	-2.09	26.73	-138.12
8.88	-2.69	-59.09	-199.79
8.88	-3.29	-75.05	-224.76
8.88	-3.89	-77.22	-217.91
8.88	-4.49	-67.73	-183.37
8.88	-5.09	-48.15	-125.96
8.88	-5.43	-32.42	-84.53
8.88	-6.29	63.42	80.07
8.88	-6.82	152.06	260.07
8.88	-7.43	77.86	412.81
8.88	-8.09	188.61	269.00
8.88	-8.69	91.51	72.48
8.88	-9.29	34.39	-64.76
8.88	-9.89	-5.12	-114.66
8.88	-10.49	-18.90	-154.26
8.88	-11.09	-30.87	-174.17
8.88	-11.69	-35.88	-169.64
8.88	-12.29	-32.94	-141.79
8.88	-12.89	45.32	-96.93
8.88	-13.49	112.26	87.35
8.88	-14.38	37.29	231.87
8.88	-14.69	122.28	226.25
8.88	-15.29	85.20	99.91
8.88	-15.89	43.41	36.37
8.88	-16.49	-44.22	-65.65
9.48	-0.47	-25.40	203.31
9.48	0	67.64	248.14
9.48	-0.89	9.58	124.66
9.48	-1.49	-11.58	-14.48
9.48	-2.09	-41.14	-122.75
9.48	-2.69	-61.85	-191.31
9.48	-3.29	-71.92	-222.24
9.48	-3.89	-72.29	-220.15
9.48	-4.49	-64.29	-189.00
9.48	-5.09	-50.75	-131.92
9.48	-5.43	-43.25	-90.05
9.48	-6.29	-34.83	101.84
9.48	-6.82	-45.58	215.88
9.48	-7.43	-35.64	264.60
9.48	-8.09	-51.02	232.73
9.48	-8.69	46.87	101.38
9.48	-9.29	23.12	-50.23
9.48	-9.89	-9.50	-104.22
10.08	-0.47	-100.35	166.01
10.08	0	-112.47	185.14
10.08	-0.89	-90.41	116.77
10.08	-1.49	-74.38	-25.51
10.08	-2.09	-70.24	-125.56
10.08	-2.69	-72.19	-192.30
10.08	-3.29	-73.30	-223.68
10.08	-3.89	-69.66	-223.14
10.08	-4.49	-60.01	-192.89
10.08	-5.09	-46.29	-133.13
10.08	-5.43	-37.90	-84.65
10.08	-6.29	-34.77	80.46
10.08	-6.82	-44.70	170.52
10.08	-7.43	-54.34	225.51
10.08	-8.09	-42.17	184.47
10.08	-8.69	-20.33	86.61
10.08	-9.29	-8.25	-28.41
10.08	-9.89	-7.96	-92.97
10.68	-0.47	-124.44	181.46
10.68	0	-111.50	168.50
10.68	-0.89	-129.11	147.10
10.68	-1.49	-105.77	-57.07
10.68	-2.09	-86.78	-145.83
10.68	-2.69	-79.37	-202.35
10.68	-3.29	-75.29	-229.48
10.68	-3.89	-68.51	-228.39
10.68	-4.49	-55.62	-199.03
10.68	-5.09	-35.29	-139.87
10.68	-5.43	-17.10	-88.64
10.68	-6.29	21.62	86.33
10.68	-6.82	-37.65	208.03
10.68	-7.43	-16.76	246.81
10.68	-8.09	23.02	208.71
10.68	-8.69	33.86	86.92
10.68	-9.29	15.07	-24.08
10.68	-9.89	3.58	-88.64
11.28	-0.47	-110.66	257.77
11.28	0	-33.02	183.90
11.28	-0.89	-97.06	222.85
11.28	-1.49	-80.96	-95.62
11.28	-2.09	-79.45	-167.70
11.28	-2.69	-78.40	-213.80
11.28	-3.29	-76.06	-236.49
11.28	-3.89	-69.40	-234.98
11.28	-4.49	-55.17	-208.35
11.28	-5.09	-29.80	-155.14
11.28	-5.43	16.54	-108.70
11.28	-6.29	89.38	55.04
11.28	-6.82	174.76	253.20
11.28	-7.43	77.11	366.62
11.28	-8.09	177.07	248.98
11.28	-8.69	90.12	61.26
11.28	-9.29	38.00	-33.77
11.28	-9.89	16.88	-93.89
11.8	-0.47	323.32	524.85
11.8	0	94.28	249.23
11.8	-0.89	190.19	172.29
11.8	-1.49	72.73	-102.96
11.8	-2.09	-64.74	-174.79
11.8	-2.69	-74.62	-219.45
11.8	-3.29	-77.17	-240.84
11.8	-3.89	-73.25	-240.14
11.8	-4.49	-61.35	-217.16
11.8	-5.09	-38.13	-171.65
11.8	-5.43	41.08	-133.90
11.8	-6.29	119.71	47.59
11.8	-6.82	228.30	122.52
11.8	-7.43	572.93	665.14
11.8	-8.09	217.36	125.22
11.8	-8.69	114.21	62.94
11.8	-9.29	62.61	-55.63
11.8	-9.89	28.25	-103.07
12.48	-0.47	-113.08	269.65
12.48	0	181.23	617.84
12.48	-0.89	74.98	140.05
12.48	-1.49	38.01	-98.41
12.48	-2.09	-61.59	-175.37
12.48	-2.69	-75.73	-220.77
12.48	-3.29	-81.77	-242.41
12.48	-3.89	-81.65	-242.74
12.48	-4.49	-75.64	-222.95
12.48	-5.09	-62.48	-183.37
12.48	-5.43	-52.99	-153.99
12.48	-6.29	115.11	82.08
12.48	-6.82	168.96	247.19
12.48	-7.43	13.85	289.95
12.48	-8.09	172.86	250.80
12.48	-8.69	111.71	94.24
12.48	-9.29	62.04	-71.79
12.48	-9.89	-35.96	-108.23
-15.73	4.52		
-15.73	3.8		
-15.13	3.8		
-15.13	4.52		
-15.73	3.38	1.29	3.53
-15.13	3.38	13.25	-7.62
-15.73	2.71	-1.01	-2.90
-15.13	2.71	18.13	3.64
-15.73	2.11		
-15.13	2.11		
-15.73	1.51		
-15.13	1.51		
-15.73	0.61	2.18	-2.31
-15.13	0.61	8.36	-1.67
-15.73	0	-3.47	16.79
-15.13	0	15.70	15.86
-15.73	-0.47	4.00	18.59
-15.13	-0.47	-4.05	33.63
-15.73	-0.89	-5.08	19.59
-15.13	-0.89	24.70	25.45
-15.73	-1.49	4.03	-3.70
-15.13	-1.49	13.38	-4.42
-15.73	-2.09		
-15.13	-2.09		
-15.73	-2.69		
-15.13	-2.69		
-15.73	-3.29		
-15.13	-3.29		
-15.73	-3.89		
-15.13	-3.89		
-15.73	-4.49		
-15.13	-4.49		
-15.73	-5.09		
-15.13	-5.09		
-15.73	-5.42		
-15.13	-5.43		
-15.73	-6.29	1.17	0.48
-15.13	-6.29	6.06	-2.65
-15.73	-6.82	-2.17	9.24
-15.13	-6.82	14.17	8.58
-15.73	-7.42	4.18	18.61
-15.13	-7.42	13.78	40.36
-15.73	-8.09	-8.74	7.41
-15.13	-8.09	48.70	17.25
-15.73	-8.69		
-15.13	-8.69		
-15.73	-9.29		
-15.13	-9.29		
-15.73	-9.89		
-15.13	-9.89		
-15.73	-10.49		
-15.13	-10.49		
-15.73	-11.09		
-15.13	-11.09		
-15.73	-11.69		
-15.13	-11.69		
-15.73	-12.29		
-15.13	-12.29		
-15.73	-12.89		
-15.13	-12.89		
-15.73	-13.49	-5.06	4.77
-15.13	-13.49	24.28	10.15
-15.73	-14.38	1.10	15.16
-15.13	-14.38	4.67	29.30
-15.73	-14.69	-3.37	16.22
-15.13	-14.69	18.26	24.59
-15.73	-15.29	-3.58	3.54
-15.13	-15.29	17.63	-5.53
-15.73	-15.89		
-15.13	-15.89		
-15.73	-16.49		
-15.13	-16.49		
-15.73	-17.09	1.00	0.76
-15.13	-17.09	3.30	-0.65
-15.73	-17.69	-1.41	7.40
-15.13	-17.69	9.43	8.84
-15.73	-18.17	2.24	10.94
-15.13	-18.17	5.71	22.51
-15.73	-18.89	-4.92	4.28
-15.13	-18.89	25.84	9.53
-15.73	-19.49		
-15.13	-19.49		
-15.73	-20.09		
-15.13	-20.09		
-15.73	-20.69		
-15.13	-20.69		
-15.73	-21.29	0.80	-1.40
-15.13	-21.29	13.21	0.51
-15.73	-21.98	-0.89	1.45
-15.13	-21.98	13.13	-2.33
-15.73	-22.49		
-15.13	-22.49		
-15.73	-23.09		
-15.13	-23.09		
-14.7	3.8		
-14.7	4.52		
-14.7	3.38	89.98	48.68
-14.7	2.71	23.30	-21.19
-14.7	2.11		
-14.7	1.51		
-14.7	0.61	5.98	4.58
-14.7	0	24.23	10.75
-14.7	-0.47	75.53	87.06
-14.7	-0.89	24.39	7.22
-14.7	-1.49	7.30	1.09
-14.7	-2.09		
-14.7	-2.69		
-14.7	-3.29		
-14.7	-3.89		
-14.7	-4.49		
-14.7	-5.09		
-14.7	-5.43		
-14.7	-6.29	-13.51	11.82
-14.7	-6.82	26.01	-19.67
-14.7	-7.42	92.68	87.55
-14.7	-8.09	45.06	-15.55
-14.7	-8.69		
-14.7	-9.29		
-14.7	-9.89		
-14.7	-10.49		
-14.7	-11.09		
-14.7	-11.69		
-14.7	-12.29		
-14.7	-12.89		
-14.7	-13.49	4.65	-4.33
-14.7	-14.38	58.94	62.18
-14.7	-14.69	31.10	12.26
-14.7	-15.29	10.17	2.01
-14.7	-15.89		
-14.7	-16.49		
-14.7	-17.09	-5.78	5.57
-14.7	-17.69	17.27	-5.95
-14.7	-18.17	49.43	49.30
-14.7	-18.89	18.83	-7.36
-14.7	-19.49		
-14.7	-20.09		
-14.7	-20.69		
-14.7	-21.29	28.98	-7.96
-14.7	-21.98	84.29	30.11
-14.7	-22.49		
-14.7	-23.09		
-13.93	3.8		
-13.93	4.52		
-13.93	3.38	-78.73	-35.97
-13.93	2.71	-73.30	28.78
-13.93	2.11		
-13.93	1.51		
-13.93	0.61	-35.43	-11.16
-13.93	0	-36.86	15.06
-13.93	-0.47	-31.10	2.10
-13.93	-0.89	-31.56	12.08
-13.93	-1.49	-26.66	-6.39
-13.93	-2.09		
-13.93	-2.69		
-13.93	-3.29		
-13.93	-3.89		
-13.93	-4.49		
-13.93	-5.09		
-13.93	-5.43		
-13.93	-6.29	-57.91	-22.10
-13.93	-6.82	-58.58	29.49
-13.93	-7.42	-63.57	29.04
-13.93	-8.09	-33.01	12.07
-13.93	-8.69		
-13.93	-9.29		
-13.93	-9.89		
-13.93	-10.49		
-13.93	-11.09		
-13.93	-11.69		
-13.93	-12.29		
-13.93	-12.89		
-13.93	-13.49	-31.23	8.52
-13.93	-14.38	-40.32	9.25
-13.93	-14.69	-35.73	14.98
-13.93	-15.29	-29.33	-3.85
-13.93	-15.89		
-13.93	-16.49		
-13.93	-17.09	-32.45	-11.06
-13.93	-17.69	-33.67	16.08
-13.93	-18.17	-35.75	13.57
-13.93	-18.89	-19.19	4.62
-13.93	-19.49		
-13.93	-20.09		
-13.93	-20.69		
-13.93	-21.29	-58.12	33.68
-13.93	-21.98	-81.11	-43.23
-13.93	-22.49		
-13.93	-23.09		
-13.33	3.8		
-13.33	4.52		
-13.33	3.38	-95.68	30.18
-13.33	2.71	-94.88	-29.26
-13.33	2.11		
-13.33	1.51		
-13.33	0.61	-48.92	-12.91
-13.33	0	-44.30	-14.86
-13.33	-0.47	-34.62	-7.88
-13.33	-0.89	-36.24	-7.17
-13.33	-1.49	-40.22	6.03
-13.33	-2.09		
-13.33	-2.69		
-13.33	-3.29		
-13.33	-3.89		
-13.33	-4.49		
-13.33	-5.09		
-13.33	-5.43		
-13.33	-6.29	-86.92	-24.65
-13.33	-6.82	-86.25	-26.87
-13.33	-7.42	-81.29	-23.58
-13.33	-8.09	-81.60	-19.17
-13.33	-8.69		
-13.33	-9.29		
-13.33	-9.89		
-13.33	-10.49		
-13.33	-11.09		
-13.33	-11.69		
-13.33	-12.29		
-13.33	-12.89		
-13.33	-13.49	-59.20	-3.08
-13.33	-14.38	-56.12	-2.31
-13.33	-14.69	-56.24	-1.23
-13.33	-15.29	-56.00	1.53
-13.33	-15.89		
-13.33	-16.49		
-13.33	-17.09	-49.25	-11.97
-13.33	-17.69	-48.25	-13.09
-13.33	-18.17	-45.08	-11.07
-13.33	-18.89	-45.05	-8.12
-13.33	-19.49		
-13.33	-20.09		
-13.33	-20.69		
-13.33	-21.29	-114.73	-30.11
-13.33	-21.98	-118.01	35.01
-13.33	-22.49		
-13.33	-23.09		
-12.73	3.8		
-12.73	4.52		
-12.73	3.38	-78.25	-27.65
-12.73	2.71	-81.39	-30.48
-12.73	2.11		
-12.73	1.51		
-12.73	0.61	-36.12	-17.90
-12.73	0	-25.66	-23.36
-12.73	-0.47	-15.05	-15.53
-12.73	-0.89	-15.96	-14.02
-12.73	-1.49	-25.45	-9.75
-12.73	-2.09		
-12.73	-2.69		
-12.73	-3.29		
-12.73	-3.89		
-12.73	-4.49		
-12.73	-5.09		
-12.73	-5.43		
-12.73	-6.29	-89.74	27.98
-12.73	-6.82	-84.41	-31.68
-12.73	-7.42	-79.17	-27.44
-12.73	-8.09	-78.48	-17.28
-12.73	-8.69		
-12.73	-9.29		
-12.73	-9.89		
-12.73	-10.49		
-12.73	-11.09		
-12.73	-11.69		
-12.73	-12.29		
-12.73	-12.89		
-12.73	-13.49	-64.68	-4.58
-12.73	-14.38	-59.50	-7.12
-12.73	-14.69	-58.81	-5.77
-12.73	-15.29	-62.50	-2.77
-12.73	-15.89		
-12.73	-16.49		
-12.73	-17.09	-50.71	14.24
-12.73	-17.69	-46.55	-16.79
-12.73	-18.17	-43.12	-13.92
-12.73	-18.89	-42.22	-6.70
-12.73	-19.49		
-12.73	-20.09		
-12.73	-20.69		
-12.73	-21.29	-145.01	31.05
-12.73	-21.98	-146.87	-33.16
-12.73	-22.49		
-12.73	-23.09		
-12.13	3.8		
-12.13	4.52		
-12.13	3.38	-25.47	-26.03
-12.13	2.71	33.23	-32.30
-12.13	2.11		
-12.13	1.51		
-12.13	0.61	56.11	-26.36
-12.13	0	53.75	-32.15
-12.13	-0.47	43.98	-21.04
-12.13	-0.89	45.44	-19.65
-12.13	-1.49	52.13	-16.72
-12.13	-2.09		
-12.13	-2.69		
-12.13	-3.29		
-12.13	-3.89		
-12.13	-4.49		
-12.13	-5.09		
-12.13	-5.43		
-12.13	-6.29	-63.47	-33.74
-12.13	-6.82	-56.07	-34.66
-12.13	-7.42	-47.31	-28.19
-12.13	-8.09	-44.96	12.46
-12.13	-8.69		
-12.13	-9.29		
-12.13	-9.89		
-12.13	-10.49		
-12.13	-11.09		
-12.13	-11.69		
-12.13	-12.29		
-12.13	-12.89		
-12.13	-13.49	-49.56	-8.61
-12.13	-14.38	-41.63	-9.30
-12.13	-14.69	-43.53	-10.03
-12.13	-15.29	-50.67	-7.14
-12.13	-15.89		
-12.13	-16.49		
-12.13	-17.09	-36.44	-18.78
-12.13	-17.69	-29.57	-20.16
-12.13	-18.17	-23.47	-15.28
-12.13	-18.89	-20.68	-4.08
-12.13	-19.49		
-12.13	-20.09		
-12.13	-20.69		
-12.13	-21.29	-156.86	-32.75
-12.13	-21.98	-157.31	32.49
-12.13	-22.49		
-12.13	-23.09		
-11.53	3.8		
-11.53	4.52		
-11.53	3.38	128.41	27.46
-11.53	2.71	116.06	39.07
-11.53	2.11		
-11.53	1.51		
-11.53	0.61	135.10	-36.36
-11.53	0	148.27	-35.36
-11.53	-0.47	123.57	-32.19
-11.53	-0.89	142.09	-19.79
-11.53	-1.49	136.03	23.89
-11.53	-2.09		
-11.53	-2.69		
-11.53	-3.29		
-11.53	-3.89		
-11.53	-4.49		
-11.53	-5.09		
-11.53	-5.43		
-11.53	-6.29	60.23	43.57
-11.53	-6.82	65.67	-38.25
-11.53	-7.42	44.23	-22.48
-11.53	-8.09	28.41	-13.23
-11.53	-8.69		
-11.53	-9.29		
-11.53	-9.89		
-11.53	-10.49		
-11.53	-11.09		
-11.53	-11.69		
-11.53	-12.29		
-11.53	-12.89		
-11.53	-13.49	9.28	11.54
-11.53	-14.38	3.98	-12.50
-11.53	-14.69	-11.72	-17.07
-11.53	-15.29	-26.15	14.55
-11.53	-15.89		
-11.53	-16.49		
-11.53	-17.09	36.06	27.26
-11.53	-17.69	37.63	-26.42
-11.53	-18.17	33.20	-17.04
-11.53	-18.89	20.12	-1.76
-11.53	-19.49		
-11.53	-20.09		
-11.53	-20.69		
-11.53	-21.29	-150.67	39.78
-11.53	-21.98	-150.57	-30.50
-11.53	-22.49		
-11.53	-23.09		
-10.93	3.8		
-10.93	4.52		
-10.93	3.38	163.70	-22.17
-10.93	2.71	237.53	-69.44
-10.93	2.11	-57.77	75.80
-10.93	1.51	-88.34	118.89
-10.93	0.61	274.13	-77.92
-10.93	-10.49	6.46	14.57
-10.93	-11.09	10.05	17.36
-10.93	-11.69	-27.61	35.12
-10.93	-12.29	46.83	52.85
-10.93	-12.89	-83.49	80.41
-10.93	-13.49	139.95	-65.67
-10.93	-14.38	38.46	15.09
-10.93	-14.69	37.04	-6.40
-10.93	-15.29	43.44	-17.74
-10.93	-15.89	-14.73	29.73
-10.93	-16.49	-21.76	32.26
-10.93	-17.09	70.67	-29.30
-10.93	-17.69	65.67	-14.04
-10.93	-18.17	70.96	18.83
-10.93	-18.89	128.64	-41.49
-10.93	-19.49	-53.50	52.44
-10.93	-20.09	16.28	20.02
-10.93	-20.69	28.58	-23.29
-10.93	-21.29	-110.95	-67.22
-10.93	-21.98	-121.69	-35.21
-10.93	-22.49		
-10.93	-23.09		
-10.4	3.8		
-10.4	4.52		
-10.4	3.38	248.13	86.22
-10.4	2.71	158.20	-17.80
-10.4	2.11	114.37	3.39
-10.4	1.51	133.09	46.37
-10.4	0.61	192.10	45.95
-10.4	-10.49	38.37	-10.42
-10.4	-11.09	42.12	-14.20
-10.4	-11.69	58.99	-29.38
-10.4	-12.29	72.36	43.51
-10.4	-12.89	94.83	-54.49
-10.4	-13.49	90.32	44.04
-10.4	-14.38	92.97	54.92
-10.4	-14.69	66.96	26.84
-10.4	-15.29	36.78	6.75
-10.4	-15.89	36.49	14.26
-10.4	-16.49	42.80	5.59
-10.4	-17.09	67.77	7.14
-10.4	-17.69	95.27	19.52
-10.4	-18.17	116.88	48.80
-10.4	-18.89	87.20	27.67
-10.4	-19.49	69.73	-24.24
-10.4	-20.09	40.06	-13.87
-10.4	-20.69	12.76	-13.36
-10.4	-21.29	-15.61	-22.34
-10.4	-21.98	-67.74	26.32
-10.4	-22.49		
-10.4	-23.09		
-9.73	3.8		
-9.73	4.52		
-9.73	3.38	59.93	-22.24
-9.73	2.71	57.21	-32.05
-9.73	2.11	65.71	-45.45
-9.73	1.51	63.61	-37.96
-9.73	0.61	55.89	34.58
-9.73	-10.49	-45.52	-49.58
-9.73	-11.09	-44.56	-51.88
-9.73	-11.69	-62.04	-65.84
-9.73	-12.29	-74.71	-70.37
-9.73	-12.89	-77.65	-60.83
-9.73	-13.49	-74.25	45.32
-9.73	-14.38	-56.32	43.95
-9.73	-14.69	-48.37	35.55
-9.73	-15.29	-28.05	13.67
-9.73	-15.89	-30.91	12.42
-9.73	-16.49	-29.24	-17.96
-9.73	-17.09	-25.65	-24.12
-9.73	-17.69	-25.40	-22.94
-9.73	-18.17	-23.27	-22.76
-9.73	-18.89	-20.93	-26.81
-9.73	-19.49	-19.67	-30.83
-9.73	-20.09	-17.69	-28.46
-9.73	-20.69	-20.94	-30.20
-9.73	-21.29	-28.68	-33.05
-9.73	-21.98	-26.28	-18.69
-9.73	-22.49		
-9.73	-23.09		
-9.13	3.8		
-9.13	4.52		
-9.13	3.38	11.30	12.98
-9.13	2.71	18.78	-48.33
-9.13	2.11	29.13	-63.63
-9.13	1.51	32.68	-51.89
-9.13	0.61	-29.52	52.91
-9.13	-10.49	-77.46	-80.70
-9.13	-11.09	-75.49	-82.14
-9.13	-11.69	-93.77	-94.17
-9.13	-12.29	-107.89	-92.03
-9.13	-12.89	-116.18	-73.09
-9.13	-13.49	-114.24	53.93
-9.13	-14.38	-94.39	60.03
-9.13	-14.69	-77.19	45.29
-9.13	-15.29	-64.48	29.71
-9.13	-15.89	-66.52	23.53
-9.13	-16.49	-64.80	-26.48
-9.13	-17.09	-63.60	-31.75
-9.13	-17.69	-63.53	-32.36
-9.13	-18.17	-62.36	-33.56
-9.13	-18.89	-57.21	-39.73
-9.13	-19.49	-48.77	-44.53
-9.13	-20.09	-37.35	-43.77
-9.13	-20.69	-29.78	-41.98
-9.13	-21.29	-27.78	-38.55
-9.13	-21.98	-15.11	16.95
-9.13	-22.49		
-9.13	-23.09		
-8.53	3.8		
-8.53	4.52		
-8.53	3.38	-8.86	-6.26
-8.53	2.71	-17.89	-59.14
-8.53	2.11	-28.22	-80.78
-8.53	1.51	-39.93	-68.44
-8.53	0.61	-46.04	90.29
-8.53	-10.49	-90.99	-108.47
-8.53	-11.09	-89.72	-109.87
-8.53	-11.69	-107.50	-119.83
-8.53	-12.29	-120.71	-113.53
-8.53	-12.89	-129.86	-86.51
-8.53	-13.49	-129.68	74.08
-8.53	-14.38	-102.49	91.20
-8.53	-14.69	-76.86	67.43
-8.53	-15.29	-80.74	59.02
-8.53	-15.89	-79.40	35.87
-8.53	-16.49	-76.15	-32.42
-8.53	-17.09	-75.24	-35.01
-8.53	-17.69	-78.09	-33.71
-8.53	-18.17	-80.90	-37.95
-8.53	-18.89	-77.58	-51.75
-8.53	-19.49	-66.29	-61.19
-8.53	-20.09	-51.12	-61.50
-8.53	-20.69	-34.63	-51.67
-8.53	-21.29	-23.31	-37.34
-8.53	-21.98	-8.52	6.69
-8.53	-22.49		
-8.53	-23.09		
-7.93	3.8		
-7.93	4.52		
-7.93	3.38	-3.33	-4.12
-7.93	2.71	-7.19	-65.92
-7.93	2.11	24.39	-94.05
-7.93	1.51	67.08	-85.26
-7.93	0.61	98.16	132.88
-7.93	-10.49	-91.07	-131.86
-7.93	-11.09	-92.63	-134.72
-7.93	-11.69	-107.35	-141.28
-7.93	-12.29	-114.21	-130.98
-7.93	-12.89	-113.75	-100.45
-7.93	-13.49	-112.68	102.61
-7.93	-14.38	-74.08	150.79
-7.93	-14.69	-56.33	129.44
-7.93	-15.29	-61.42	88.78
-7.93	-15.89	-64.97	39.90
-7.93	-16.49	-66.91	-36.90
-7.93	-17.09	-64.87	-36.18
-7.93	-17.69	-69.05	-24.06
-7.93	-18.17	-79.70	-29.91
-7.93	-18.89	-81.51	-60.11
-7.93	-19.49	-70.17	-77.79
-7.93	-20.09	-57.69	-78.01
-7.93	-20.69	-42.81	-66.59
-7.93	-21.29	-25.83	-43.72
-7.93	-21.98	-5.12	1.90
-7.93	-22.49		
-7.93	-23.09		
-7.42	4.52		
-7.42	-17.09	-51.14	-40.83
-7.42	-17.69	-34.26	-14.90
-7.42	-18.17	-58.70	51.34
-7.42	-18.89	-62.66	-68.20
-7.42	-19.49	-65.26	-88.18
-7.42	-20.09	-59.33	-88.21
-7.42	-20.69	-47.83	-77.23
-7.42	-21.29	-32.11	-53.41
-7.42	-21.98	-11.94	-9.39
-7.42	-22.49		
-7.42	-23.09		
-7	4.52		
-7	-17.09	-49.86	-44.46
-7	-17.69	-28.53	-37.10
-7	-18.17	86.10	107.06
-7	-18.89	-45.94	-75.08
-7	-19.49	-60.39	-87.53
-7	-20.09	-60.52	-94.08
-7	-20.69	-51.46	-84.90
-7	-21.29	-37.72	-61.07
-7	-21.98	-18.08	-15.65
-7	-22.49		
-7	-23.09		
-6.13	4.52		
-6.13	-17.09	-62.70	-33.51
-6.13	-17.69	-79.73	36.32
-6.13	-18.17	-91.99	-30.36
-6.13	-18.89	-65.29	-47.70
-6.13	-19.49	-67.61	-87.44
-6.13	-20.09	-66.06	-101.40
-6.13	-20.69	-57.22	-96.12
-6.13	-21.29	-43.59	-72.73
-6.13	-21.98	-25.63	-25.45
-6.13	-22.49		
-6.13	-23.09		
-5.53	4.52		
-5.53	-17.09	-57.99	21.23
-5.53	-17.69	-76.96	24.33
-5.53	-18.17	-84.42	-32.13
-5.53	-18.89	-87.31	-61.32
-5.53	-19.49	-79.42	-91.40
-5.53	-20.09	-70.56	-108.69
-5.53	-20.69	-59.97	-104.45
-5.53	-21.29	-47.27	-80.69
-5.53	-21.98	-30.17	-30.82
-5.53	-22.49		
-5.53	-23.09		
-4.93	4.52		
-4.93	-17.09	-26.76	16.67
-4.93	-17.69	-51.00	28.85
-4.93	-18.17	-69.45	37.93
-4.93	-18.89	-85.24	-62.38
-4.93	-19.49	-77.28	-101.13
-4.93	-20.09	-68.02	-117.65
-4.93	-20.69	-58.51	-112.18
-4.93	-21.29	-47.06	-85.80
-4.93	-21.98	-33.27	-37.84
-4.93	-22.49		
-4.93	-23.09		
-4.33	4.52		
-4.33	-19.49	-54.19	-109.69
-4.33	-20.09	-57.01	-122.61
-4.33	-20.69	-53.81	-117.81
-4.33	-21.29	-42.07	-94.70
-4.33	-21.98	-32.40	28.91
-4.33	-22.49		
-4.33	-23.09		
-3.6	4.52		
-3.6	-19.49	45.39	-95.34
-3.6	-20.09	-43.01	-119.17
-3.6	-20.69	-48.01	-118.74
-3.6	-21.29	-45.43	-96.28
-3.6	-21.98	57.52	-81.56
-3.6	-22.49		
-3.6	-23.09		
-3.13	4.52		
-3.13	-19.49	30.31	-81.88
-3.13	-20.09	-39.83	-111.70
-3.13	-20.69	-46.47	-116.61
-3.13	-21.29	-44.31	-102.32
-3.13	-21.98	-46.36	-47.20
-3.13	-22.49		
-3.13	-23.09		
-2.53	4.52		
-2.53	-19.49	-36.76	-68.16
-2.53	-20.09	-44.37	-105.35
-2.53	-20.69	-47.60	-113.84
-2.53	-21.29	-46.45	-96.86
-2.53	-21.98	-40.55	-50.78
-2.53	-22.49		
-2.53	-23.09		
-1.93	4.52		
-1.93	-19.49	-54.94	-72.83
-1.93	-20.09	-50.32	-105.44
-1.93	-20.69	-47.38	-113.18
-1.93	-21.29	-43.70	-95.68
-1.93	-21.98	-37.12	-47.88
-1.93	-22.49		
-1.93	-23.09		
-1.52	4.52		
-1.53	-19.49	-57.95	-81.35
-1.53	-20.09	-49.54	-110.13
-1.53	-20.69	-43.53	-114.48
-1.53	-21.29	-39.17	-94.90
-1.53	-21.98	-33.26	-44.23
-1.53	-22.49		
-1.53	-23.09		
-0.72	4.52		
-0.73	-19.49	79.73	-91.72
-0.73	-20.09	59.10	-117.57
-0.73	-20.69	40.49	-116.58
-0.73	-21.29	26.70	-89.95
-0.73	-21.98	-23.44	-43.27
-0.73	-22.49		
-0.73	-23.09		
0	4.52		
0	-19.49	123.44	-91.46
0	-20.09	73.90	-112.07
0	-20.69	41.77	-109.79
0	-21.29	23.50	-90.96
0	-21.98	-3.00	1.35
0	-22.49		
0	-23.09		
0.7	4.52		
0.7	-19.49	112.78	-59.35
0.7	-20.09	65.55	-95.98
0.7	-20.69	36.16	-101.06
0.7	-21.29	14.22	-76.10
0.7	-21.98	20.06	-99.85
0.7	-22.49		
0.7	-23.09		
1.08	4.52		
1.07	-19.49	133.81	-89.86
1.07	-20.09	81.02	-113.83
1.07	-20.69	48.01	-114.67
1.07	-21.29	31.40	-102.32
1.07	-21.98	2.68	-4.34
1.07	-22.49		
1.07	-23.09		
1.4	4.52		
1.4	-19.49	136.64	-104.47
1.4	-20.09	87.76	-127.31
1.4	-20.69	56.21	-125.18
1.4	-21.29	35.91	-98.84
1.4	-21.98	-19.76	-39.22
1.4	-22.49		
1.4	-23.09		
2.28	4.52		
2.28	-19.49	80.40	-104.48
2.28	-20.09	66.11	-131.57
2.28	-20.69	51.33	-131.36
2.28	-21.29	39.64	-106.08
2.28	-21.98	-37.18	-49.45
2.28	-22.49		
2.28	-23.09		
2.93	4.52		
2.92	-19.48	-65.07	-96.62
2.92	-20.08	-59.29	-126.84
2.92	-20.68	-55.47	-131.59
2.92	-21.28	-52.49	-110.62
2.92	-21.97	-49.24	-58.96
2.92	-22.48		
2.92	-23.08		
3.48	4.52		
3.48	-19.49	-59.81	-89.99
3.48	-20.09	-59.78	-124.52
3.48	-20.69	-60.56	-132.17
3.48	-21.29	-59.22	-112.89
3.48	-21.98	-52.52	-62.07
3.48	-22.49		
3.48	-23.09		
4.08	4.52		
4.08	-19.49	-37.69	-91.23
4.08	-20.09	-52.67	-129.30
4.08	-20.69	-60.34	-136.25
4.08	-21.29	-61.43	-116.40
4.08	-21.98	-57.01	-63.35
4.08	-22.49		
4.08	-23.09		
4.68	4.52		
4.68	-19.49	55.63	-112.39
4.68	-20.09	-50.13	-140.08
4.68	-20.69	-59.94	-142.55
4.68	-21.29	-59.83	-121.86
4.68	-21.98	-60.80	-65.12
4.68	-22.49		
4.68	-23.09		
5	4.52		
5	-19.49	69.01	-125.17
5	-20.09	-54.12	-148.56
5	-20.69	-62.61	-145.93
5	-21.29	-60.15	-120.47
5	-21.98	77.88	-80.22
5	-22.49		
5	-23.09		
5.88	4.52		
5.88	-19.49	-68.61	-144.06
5.88	-20.09	-72.90	-157.09
5.88	-20.69	-71.86	-149.33
5.88	-21.29	-63.80	-118.67
5.88	-21.98	-57.35	54.89
5.88	-22.49		
5.88	-23.09		
6.48	4.52		
6.48	-17.09	-25.48	-21.61
6.48	-17.69	-54.64	-30.85
6.48	-18.17	-73.30	-55.30
6.48	-18.89	-93.32	-100.51
6.48	-19.49	-90.09	-139.44
6.48	-20.09	-84.91	-156.15
6.48	-20.69	-79.33	-147.92
6.48	-21.29	-71.18	-116.45
6.48	-21.98	-58.83	-56.64
6.48	-22.49		
6.48	-23.09		
7.08	4.52		
7.08	-17.09	-51.47	-43.78
7.08	-17.69	-74.19	-57.36
7.08	-18.17	-84.85	-70.52
7.08	-18.89	-91.44	-103.58
7.08	-19.49	-90.65	-136.21
7.08	-20.09	-88.12	-152.96
7.08	-20.69	-82.61	-145.54
7.08	-21.29	-73.46	-115.09
7.08	-21.98	-58.44	57.85
7.08	-22.49		
7.08	-23.09		
7.68	4.52		
7.68	-17.09	-52.32	-65.94
7.68	-17.69	-73.35	-68.37
7.68	-18.17	-84.29	-68.62
7.68	-18.89	-70.25	-98.96
7.68	-19.49	-80.34	-139.88
7.68	-20.09	-85.78	-152.74
7.68	-20.69	-82.30	-143.46
7.68	-21.29	-72.89	-112.18
7.68	-21.98	-57.22	57.62
7.68	-22.49		
7.68	-23.09		
8.4	4.52		
8.4	-17.09	-43.20	-78.75
8.4	-17.69	54.47	-82.43
8.4	-18.17	116.88	90.27
8.4	-18.89	-58.15	-130.44
8.4	-19.49	-78.10	-148.05
8.4	-20.09	-83.86	-154.93
8.4	-20.69	-80.69	-141.85
8.4	-21.29	-71.32	-108.62
8.4	-21.98	-54.78	57.58
8.4	-22.49		
8.4	-23.09		
8.88	4.52		
8.88	-17.09	-47.88	-79.50
8.88	-17.69	-37.97	-61.72
8.88	-18.17	-71.52	-58.01
8.88	-18.89	-75.35	-130.75
8.88	-19.49	-84.57	-153.93
8.88	-20.09	-84.73	-155.08
8.88	-20.69	-79.65	-139.94
8.88	-21.29	-69.12	-105.69
8.88	-21.98	-52.13	56.72
8.88	-22.49		
8.88	-23.09		
9.48	3.8		
9.48	4.52		
9.48	3.38	-4.17	2.82
9.48	2.71	-17.86	-71.59
9.48	2.11	-27.22	-96.67
9.48	1.51	51.00	-81.05
9.48	0.61	81.57	169.13
9.48	-10.49	-17.16	-142.58
9.48	-11.09	-30.04	-163.92
9.48	-11.69	-38.45	-161.00
9.48	-12.29	-43.22	-135.74
9.48	-12.89	-47.27	-87.39
9.48	-13.49	-56.92	69.69
9.48	-14.38	-35.67	122.57
9.48	-14.69	-58.58	140.91
9.48	-15.29	-60.07	100.18
9.48	-15.89	-60.20	42.33
9.48	-16.49	-64.27	-69.77
9.48	-17.09	-69.06	-80.15
9.48	-17.69	-80.65	-80.30
9.48	-18.17	-92.35	-93.59
9.48	-18.89	-97.90	-127.22
9.48	-19.49	-91.26	-149.43
9.48	-20.09	-85.29	-152.11
9.48	-20.69	-77.61	-136.51
9.48	-21.29	-66.42	-101.75
9.48	-21.98	-49.10	56.25
9.48	-22.49		
9.48	-23.09		
10.08	3.8		
10.08	4.51		
10.08	3.38	-9.77	3.57
10.08	2.71	-30.18	-63.51
10.08	2.11	-48.40	-79.89
10.08	1.51	-70.09	-55.67
10.08	0.61	-100.97	134.93
10.08	-10.49	-15.06	-132.31
10.08	-11.09	-27.67	-152.77
10.08	-11.69	-37.58	-149.68
10.08	-12.29	-45.30	-122.65
10.08	-12.89	-54.12	-70.16
10.08	-13.49	-61.99	31.84
10.08	-14.38	-60.93	78.58
10.08	-14.69	-71.76	88.67
10.08	-15.29	-74.72	69.97
10.08	-15.89	-73.04	-36.25
10.08	-16.49	-76.45	-71.78
10.08	-17.09	-84.88	-86.90
10.08	-17.69	-93.66	-92.61
10.08	-18.17	-97.16	-100.47
10.08	-18.89	-94.34	-122.72
10.08	-19.49	-87.60	-141.49
10.08	-20.09	-80.90	-147.00
10.08	-20.69	-73.73	-132.46
10.08	-21.29	-62.90	-97.22
10.08	-21.98	-45.96	54.10
10.08	-22.49		
10.08	-23.09		
10.68	3.8		
10.68	4.51		
10.68	3.38	-14.59	4.59
10.68	2.71	-33.85	-50.27
10.68	2.11	-52.91	-59.95
10.68	1.51	-69.36	-30.38
10.68	0.61	-91.06	105.96
10.68	-10.49	-11.34	-124.52
10.68	-11.09	-23.00	-141.50
10.68	-11.69	-32.84	-138.41
10.68	-12.29	-37.34	-112.25
10.68	-12.89	-35.93	-59.66
10.68	-13.49	-46.65	13.09
10.68	-14.38	-59.38	75.60
10.68	-14.69	-57.32	71.21
10.68	-15.29	-52.64	40.91
10.68	-15.89	-60.99	-38.67
10.68	-16.49	-72.04	-77.75
10.68	-17.09	-82.98	-94.42
10.68	-17.69	-91.44	-93.68
10.68	-18.17	-86.63	-91.93
10.68	-18.89	-76.32	-111.19
10.68	-19.49	-72.02	-136.26
10.68	-20.09	-71.45	-144.49
10.68	-20.69	-67.85	-129.73
10.68	-21.29	-58.74	-93.90
10.68	-21.98	-43.16	58.87
10.68	-22.49		
10.68	-23.09		
11.28	3.8		
11.28	4.51		
11.28	3.38	-25.71	9.11
11.28	2.71	-37.18	-41.15
11.28	2.11	-41.88	-44.67
11.28	1.51	-47.42	-13.68
11.28	0.61	-49.56	95.33
11.28	-10.49	-15.48	-125.57
11.28	-11.09	-21.82	-134.16
11.28	-11.69	-27.49	-128.79
11.28	-12.29	-29.53	-107.54
11.28	-12.89	-19.13	-69.26
11.28	-13.49	-20.28	21.53
11.28	-14.38	-23.40	111.35
11.28	-14.69	-11.80	95.71
11.28	-15.29	-10.69	16.29
11.28	-15.89	-43.35	-51.08
11.28	-16.49	-58.78	-85.57
11.28	-17.09	-62.35	-102.64
11.28	-17.69	-65.42	-85.94
11.28	-18.17	-61.97	-61.78
11.28	-18.89	-39.42	-103.59
11.28	-19.49	-55.76	-140.40
11.28	-20.09	-63.05	-145.58
11.28	-20.69	-60.06	-130.25
11.28	-21.29	-54.59	-84.66
11.28	-21.98	39.73	-36.51
11.28	-22.49		
11.28	-23.09		
11.8	3.8		
11.8	4.51		
11.8	3.38	-15.04	30.28
11.8	2.71	-30.15	-43.14
11.8	2.11	-33.90	-39.82
11.8	1.51	-29.73	-15.74
11.8	0.61	-6.99	122.64
11.8	-10.49	-24.69	-128.16
11.8	-11.09	-29.57	-134.12
11.8	-11.69	-28.68	-124.08
11.8	-12.29	-27.60	-105.62
11.8	-12.89	-19.39	-71.45
11.8	-13.49	14.37	-48.03
11.8	-14.38	189.16	231.92
11.8	-14.69	102.53	77.21
11.8	-15.29	31.60	-23.97
11.8	-15.89	-41.87	-63.96
11.8	-16.49	-51.55	-88.37
11.8	-17.09	-44.37	-96.63
11.8	-17.69	66.43	-90.44
11.8	-18.17	134.58	94.71
11.8	-18.89	41.56	-131.67
11.8	-19.49	-55.98	-146.17
11.8	-20.09	-60.42	-147.41
11.8	-20.69	-56.47	-127.86
11.8	-21.29	42.34	-97.34
11.8	-21.98	66.13	131.97
11.8	-22.49		
11.8	-23.09		
12.48	3.8		
12.48	4.51		
12.48	3.37	-28.78	20.49
12.48	2.71	15.54	-29.87
12.48	2.11	5.43	-25.88
12.48	1.51	10.64	-21.20
12.48	0.61	14.79	104.99
12.48	-10.49	-41.49	-127.41
12.48	-11.09	-41.86	-130.85
12.48	-11.69	-38.33	-120.04
12.48	-12.29	-34.10	-99.51
12.48	-12.89	-34.41	-78.60
12.48	-13.49	-25.26	-28.09
12.48	-14.38	-56.92	86.13
12.48	-14.69	-50.75	101.93
12.48	-15.29	-54.37	-42.97
12.48	-15.89	-61.04	-71.55
12.48	-16.49	-59.11	-84.81
12.48	-17.09	-47.62	-84.19
12.48	-17.69	-36.24	-57.27
12.48	-18.17	-75.15	-72.76
12.48	-18.89	-64.18	-130.32
12.48	-19.49	-67.43	-151.54
12.48	-20.09	-65.15	-146.99
12.48	-20.69	-57.41	-124.99
12.48	-21.29	-47.40	-75.86
12.48	-21.98	43.11	-43.30
12.48	-22.49		
12.48	-23.09		
13.08	3.8		
13.08	4.51		
13.08	3.37		
13.08	2.71		
13.08	2.11		
13.08	1.51		
13.08	0.61		
13.08	0	241.45	-216.24
13.08	-0.47	-109.79	156.56
13.08	-0.89	-96.83	74.53
13.08	-1.49	-77.12	-112.37
13.08	-2.09	-78.00	-177.37
13.08	-2.69	-84.73	-220.89
13.08	-3.29	-89.06	-241.72
13.08	-3.89	-90.41	-241.52
13.08	-4.49	-89.50	-221.71
13.08	-5.09	-86.71	-182.59
13.08	-5.43	-86.88	-154.03
13.08	-6.29	-85.89	85.99
13.08	-6.82	-87.08	161.06
13.08	-7.43	-38.65	162.16
13.08	-8.09	-78.66	176.04
13.08	-8.69	-70.79	105.05
13.08	-9.29	-63.86	-69.21
13.08	-9.89	-60.14	-103.84
13.08	-10.49	-56.93	-122.22
13.08	-11.09	-53.44	-125.88
13.08	-11.69	-49.35	-115.70
13.08	-12.29	-44.22	-92.30
13.08	-12.89	-51.07	-66.58
13.08	-13.49	-61.87	-25.12
13.08	-14.38	-72.75	31.46
13.08	-14.69	-91.18	46.12
13.08	-15.29	-90.83	-39.62
13.08	-15.89	-83.48	-65.84
13.08	-16.49	-75.49	-77.02
13.08	-17.09	-69.90	-77.83
13.08	-17.69	-75.40	-81.14
13.08	-18.17	-81.30	-96.67
13.08	-18.89	-86.20	-128.00
13.08	-19.49	-79.02	-146.42
13.08	-20.09	-71.41	-143.41
13.08	-20.69	-62.75	-121.02
13.08	-21.29	-53.02	-84.60
13.08	-21.98	-35.70	57.21
13.08	-22.49		
13.08	-23.09		
13.68	0	-87.18	141.14
13.68	0.61		
13.68	-0.47	-109.14	-81.54
13.68	-0.89	-110.76	-96.55
13.68	-1.49	-104.75	-139.52
13.68	-2.09	-98.65	-187.93
13.68	-2.69	-96.29	-224.64
13.68	-3.29	-95.58	-241.77
13.68	-3.89	-95.48	-238.49
13.68	-4.49	-96.36	-215.57
13.68	-5.09	-99.25	-173.14
13.68	-5.43	-103.04	-141.07
13.68	-6.29	-112.78	51.25
13.68	-6.82	-108.38	95.50
13.68	-7.43	-86.57	104.28
13.68	-8.09	-100.34	112.39
13.68	-8.69	-97.22	77.05
13.68	-9.29	-84.07	-54.29
13.68	-9.89	-73.01	-92.14
13.68	-10.49	-65.64	-113.54
13.68	-11.09	-61.08	-120.14
13.68	-11.69	-58.84	-112.98
13.68	-12.29	-59.29	-93.03
13.68	-12.89	-64.39	-63.30
13.68	-13.49	-75.53	-33.90
13.68	-14.38	-94.05	15.16
13.68	-14.69	-99.91	21.16
13.68	-15.29	-101.20	-37.50
13.68	-15.89	-94.88	-56.30
13.68	-16.49	-87.38	-68.74
13.68	-17.09	-83.08	-77.06
13.68	-17.69	-82.73	-88.74
13.68	-18.17	-85.09	-104.20
13.68	-18.89	-84.59	-128.57
13.68	-19.49	-80.72	-141.35
13.68	-20.09	-73.50	-138.39
13.68	-20.69	-64.31	-117.72
13.68	-21.29	-52.00	-79.91
13.68	-21.98	-34.01	51.30
13.68	-22.49		
13.68	-23.09		
14.28	0	-80.47	80.53
14.28	0.61		
14.28	-0.47	-100.09	-77.15
14.28	-0.89	-113.13	-110.01
14.28	-1.49	-117.20	-158.11
14.28	-2.09	-110.66	-202.48
14.28	-2.69	-102.53	-233.04
14.28	-3.29	-96.44	-244.56
14.28	-3.89	-92.75	-236.31
14.28	-4.49	-91.54	-208.58
14.28	-5.09	-93.44	-161.97
14.28	-5.43	-95.18	-126.75
14.28	-6.29	-105.14	-24.63
14.28	-6.82	-107.41	57.10
14.28	-7.43	-102.30	77.75
14.28	-8.09	-99.08	74.30
14.28	-8.69	-90.19	44.61
14.28	-9.29	-78.93	-38.91
14.28	-9.89	-69.78	-79.30
14.28	-10.49	-63.90	-104.82
14.28	-11.09	-61.41	-115.81
14.28	-11.69	-62.51	-113.47
14.28	-12.29	-67.82	-99.21
14.28	-12.89	-77.67	-75.52
14.28	-13.49	-88.73	-48.61
14.28	-14.38	-98.50	-23.62
14.28	-14.69	-98.75	-24.03
14.28	-15.29	-95.84	-32.91
14.28	-15.89	-91.64	-48.02
14.28	-16.49	-86.73	-60.10
14.28	-17.09	-81.42	-71.41
14.28	-17.69	-77.35	-87.57
14.28	-18.17	-75.90	-103.91
14.28	-18.89	-74.65	-127.79
14.28	-19.49	-73.27	-138.84
14.28	-20.09	-69.23	-134.94
14.28	-20.69	-61.75	-113.34
14.28	-21.29	-48.82	-73.89
14.28	-21.98	-28.89	44.52
14.28	-22.49		
14.28	-23.09		
14.88	0	-61.03	61.93
14.88	0.61		
14.88	-0.47	-89.80	-65.58
14.88	-0.89	-112.94	-107.25
14.88	-1.49	-120.47	-168.69
14.88	-2.09	-110.74	-218.97
14.88	-2.69	-98.65	-245.11
14.88	-3.29	-88.16	-250.75
14.88	-3.89	-80.05	-237.02
14.88	-4.49	-74.25	-204.52
14.88	-5.09	-70.90	-154.18
14.88	-5.43	-67.90	-116.56
14.88	-6.29	-77.44	-16.14
14.88	-6.82	-96.95	50.17
14.88	-7.43	-96.37	79.27
14.88	-8.09	-95.17	74.09
14.88	-8.69	-70.55	25.67
14.88	-9.29	-54.51	-27.68
14.88	-9.89	-52.21	-70.22
14.88	-10.49	-51.53	-99.16
14.88	-11.09	-53.13	-114.49
14.88	-11.69	-57.80	-117.25
14.88	-12.29	-66.24	-108.83
14.88	-12.89	-78.55	-89.52
14.88	-13.49	-92.16	-58.00
14.88	-14.38	-92.08	24.37
14.88	-14.69	-85.16	18.10
14.88	-15.29	-74.66	-25.06
14.88	-15.89	-74.71	-42.86
14.88	-16.49	-75.68	-52.12
14.88	-17.09	-67.73	-59.51
14.88	-17.69	-58.29	-75.79
14.88	-18.17	-55.53	-100.46
14.88	-18.89	-57.33	-128.03
14.88	-19.49	-59.77	-139.18
14.88	-20.09	-59.89	-134.68
14.88	-20.69	-56.50	-109.90
14.88	-21.29	-43.56	-69.64
14.88	-21.98	29.26	62.60
14.88	-22.49		
14.88	-23.09		
15.48	0	-26.26	33.39
15.48	0.61		
15.48	-0.47	-73.74	44.44
15.48	-0.89	-114.59	-70.01
15.48	-1.49	-111.35	-186.26
15.48	-2.09	-98.31	-237.75
15.48	-2.69	-83.68	-259.61
15.48	-3.29	-69.90	-260.09
15.48	-3.89	-57.67	-241.51
15.48	-4.49	-46.70	-204.95
15.48	-5.09	-36.99	-152.31
15.48	-5.43	-38.58	-121.95
15.48	-6.29	-66.98	-48.94
15.48	-6.82	-89.19	95.83
15.48	-7.43	-83.97	121.42
15.48	-8.09	-85.58	110.11
15.48	-8.69	-61.21	33.12
15.48	-9.29	-39.63	-43.33
15.48	-9.89	-25.54	-67.06
15.48	-10.49	-31.25	-98.17
15.48	-11.09	-37.47	-116.76
15.48	-11.69	-45.21	-123.69
15.48	-12.29	-55.27	-119.87
15.48	-12.89	-67.87	-106.46
15.48	-13.49	-83.37	-65.50
15.48	-14.38	-75.15	59.95
15.48	-14.69	-44.92	24.05
15.48	-15.29	-37.72	-19.98
15.48	-15.89	-46.26	-46.26
15.48	-16.49	-56.10	-38.99
15.48	-17.09	-46.67	-31.98
15.48	-17.69	-38.17	-82.13
15.48	-18.17	-26.32	-99.11
15.48	-18.89	-34.86	-130.84
15.48	-19.49	-42.09	-143.08
15.48	-20.09	-47.16	-138.56
15.48	-20.69	-48.56	-114.35
15.48	-21.29	-47.59	-39.36
15.48	-21.98	10.52	-38.00
15.48	-22.49		
15.48	-23.09		
16.08	0	-5.44	13.02
16.08	0.61		
16.08	-0.47	-1.63	177.45
16.08	-0.89	-101.26	-94.31
16.08	-1.49	90.98	-209.33
16.08	-2.09	-74.03	-256.34
16.08	-2.69	-57.83	-274.89
16.08	-3.29	-42.79	-271.75
16.08	-3.89	-28.24	-250.09
16.08	-4.49	-13.66	-211.43
16.08	-5.09	-1.31	-160.54
16.08	-5.43	-14.66	-145.94
16.08	-6.29	-38.23	-76.48
16.08	-6.82	-61.84	89.76
16.08	-7.43	-4.69	310.03
16.08	-8.09	57.79	101.12
16.08	-8.69	-35.03	-37.97
16.08	-9.29	17.50	-62.39
16.08	-9.89	-3.68	-78.26
16.08	-10.49	-7.92	-102.63
16.08	-11.09	-17.79	-122.56
16.08	-11.69	-27.25	-131.69
16.08	-12.29	-37.17	-130.78
16.08	-12.89	-48.48	-118.64
16.08	-13.49	-70.81	-123.13
16.08	-14.38	-16.56	159.06
16.08	-14.69	16.84	37.51
16.08	-15.29	-2.34	-27.24
16.08	-15.89	14.23	-54.65
16.08	-16.49	-32.69	-71.70
16.08	-17.09	-12.04	64.68
16.08	-17.69	20.75	-98.18
16.08	-18.17	-5.09	-112.85
16.08	-18.89	9.50	-137.93
16.08	-19.49	-21.48	-150.74
16.08	-20.09	31.26	-146.52
16.08	-20.69	-39.81	-120.47
16.08	-21.29	-49.53	-96.42
16.08	-21.98	21.48	317.34
16.08	-22.49		
16.08	-23.09		
-6.13	-0.157	102.22	220.11
-5.53	-0.157	-12.28	156.15
-6.13	-0.313	123.68	279.21
-5.53	-0.313	29.64	202.02
-4.93	-0.157	-112.41	116.95
-4.93	-0.313	-127.07	137.27
-4.33	-0.157	-133.04	100.60
-4.33	-0.313	-139.43	122.89
-3.6	-0.157	-74.78	70.69
-3.6	-0.313	-57.37	84.07
-3.13	-0.157	-54.06	70.56
-3.13	-0.313	-42.42	81.04
-2.53	-0.157	-25.69	102.23
-2.53	-0.313	-21.32	104.60
-1.93	-0.157	100.45	150.30
-1.93	-0.313	97.31	141.34
-1.52	-0.157	252.06	200.85
-1.52	-0.313	234.38	185.12
-0.72	-0.157	96.47	187.32
-0.72	-0.313	97.54	188.29
0	-0.157	115.25	188.35
0	-0.313	127.96	204.47
1.4	-0.157	119.42	190.34
2.28	-0.157	117.00	191.82
1.4	-0.313	133.50	207.03
2.28	-0.313	116.12	189.58
2.93	-0.157	264.29	203.11
2.93	-0.313	245.73	186.46
3.48	-0.157	75.43	138.23
3.48	-0.313	73.41	131.37
4.08	-0.157	-32.96	93.57
4.08	-0.313	-27.73	97.84
4.68	-0.157	-52.75	65.90
4.68	-0.313	-36.28	76.92
5	-0.157	-74.65	72.20
5	-0.313	-56.02	85.03
5.88	-0.157	-146.11	103.98
5.88	-0.313	-153.16	124.35
6.48	-0.157	-122.00	122.34
6.48	-0.313	-136.05	141.02
7.08	-0.157	26.81	169.39
7.08	-0.313	47.41	213.74
7.68	-0.157	128.85	244.59
7.68	-0.313	152.80	304.80
-10.93	-0.157	184.05	-6.47
-10.4	-0.157	219.18	44.77
-10.93	-0.313	184.51	13.03
-10.4	-0.313	245.13	71.33
-9.73	-0.157	59.51	63.35
-9.73	-0.313	57.32	67.09
-9.13	-0.157	-31.30	73.77
-9.13	-0.313	-41.26	80.79
-8.53	-0.157	-31.60	105.52
-8.53	-0.313	-44.49	115.55
-7.93	-0.157	53.71	186.69
-7.93	-0.313	37.14	178.23
-7.42	-0.157	249.02	281.27
-7.42	-0.313	234.46	295.67
-7	-0.157	199.34	280.31
-7	-0.313	208.01	320.38
8.4	-0.157	232.88	320.95
8.4	-0.313	251.04	372.31
8.88	-0.157	296.99	345.72
8.88	-0.313	289.95	368.31
9.48	-0.157	52.39	248.90
9.48	-0.313	36.72	238.47
10.08	-0.157	-109.87	182.87
10.08	-0.313	-105.10	176.53
10.68	-0.157	-118.22	177.70
10.68	-0.313	-123.68	180.11
11.28	-0.157	-46.01	211.61
11.28	-0.313	-66.52	245.89
11.8	-0.157	167.86	326.66
11.8	-0.313	241.48	378.04
12.48	-0.157	223.79	468.50
12.48	-0.313	181.92	380.39
2.28	-7.42	260.70	547.29
0.7	-0.157	20.61	139.02
0.7	-0.313	21.34	151.35
1.08	-0.157	42.48	148.54
1.08	-0.313	51.98	168.21
-15.73	-0.157	-3.73	18.78
-15.13	-0.157	18.34	27.34
-15.73	-0.313	-0.66	17.03
-15.13	-0.313	21.17	40.53
-14.7	-0.157	34.50	21.57
-14.7	-0.313	51.01	45.22
-13.93	-0.157	-38.84	17.31
-13.93	-0.313	-39.04	13.96
-13.33	-0.157	-41.05	-13.07
-13.33	-0.313	-38.99	-11.61
-12.73	-0.157	-21.50	-20.93
-12.73	-0.313	-18.44	-18.60
-12.13	-0.157	50.78	-29.85
-12.13	-0.313	49.50	-26.76
-11.53	-0.157	124.60	-31.13
-11.53	-0.313	124.86	-31.87
13.08	-0.157	163.54	186.85
13.08	-0.313	-126.70	178.92
13.68	-0.157	-94.20	107.49
13.68	-0.313	-103.48	92.83
14.28	-0.157	-84.22	71.65
14.28	-0.313	-92.89	-66.09
14.88	-0.157	-69.09	50.08
14.88	-0.313	-84.51	-47.84
15.48	-0.157	-31.96	35.76
15.48	-0.313	-45.25	49.51
16.08	-0.157	-3.25	10.41
16.08	-0.313	-16.69	-19.24
5.005	-5.43		
-3.13	3.8		
-3.6	3.8		
-3.13	3.8		
-3.6	3.8		
-3.13	3.8		
-3.6	3.8		
-3.13	3.8		
-3.6	3.8		
-2.53	3.8		
-2.53	3.8		
-2.53	3.8		
-2.53	3.8		
-1.93	3.8		
-1.93	3.8		
-1.93	3.8		
-1.93	3.8		
-1.52	3.8		
-1.52	3.8		
-1.52	3.8		
-1.52	3.8		
3.48	3.8		
2.93	3.8		
3.48	3.8		
2.93	3.8		
3.48	3.8		
2.93	3.8		
3.48	3.8		
2.93	3.8		
4.08	3.8		
4.08	3.8		
4.08	3.8		
4.08	3.8		
4.68	3.8		
4.68	3.8		
4.68	3.8		
4.68	3.8		
5	3.8		
5	3.8		
5	3.8		
5	3.8		
-7	-0.47		
-7.42	-0.47		
-7	-0.47		
-7.42	-0.47		
-7	-0.47		
-7.42	-0.47		
-7	-0.47		
-7.42	-0.47		
-6.13	-0.47		
-6.13	-0.47		
-6.13	-0.47		
-6.13	-0.47		
-5.53	-0.47		
-5.53	-0.47		
-5.53	-0.47		
-5.53	-0.47		
7.68	-0.47		
7.08	-0.47		
7.68	-0.47		
7.08	-0.47		
7.68	-0.47		
7.08	-0.47		
7.68	-0.47		
7.08	-0.47		
8.4	-0.47		
8.4	-0.47		
8.4	-0.47		
8.4	-0.47		
8.88	-0.47		
8.88	-0.47		
8.88	-0.47		
8.88	-0.47		
-0.73	-7.42		
-1.52	-7.42		
-0.73	-7.42		
-1.52	-7.42		
-0.73	-7.42		
-1.52	-7.42		
-0.73	-7.42		
-1.52	-7.42		
0	-7.42		
0	-7.42		
0	-7.42		
0	-7.42		
0.7	-7.42		
0.7	-7.42		
0.7	-7.42		
0.7	-7.42		
1.08	-7.42		
1.08	-7.42		
1.08	-7.42		
1.08	-7.42		
1.4	-7.42		
1.4	-7.42		
1.4	-7.42		
1.4	-7.42		
2.28	-7.42		
2.28	-7.42		
2.28	-7.42		
2.28	-7.42		
2.93	-7.42		
2.93	-7.42		
2.93	-7.42		
2.93	-7.42		
-7.42	0		
-7.42	0.61		
-7.42	0		
-7.42	0.61		
-7.42	0		
-7.42	0.61		
-7.42	0		
-7.42	0.61		
-7.42	-0.157		
-7.42	-0.157		
-7.42	-0.157		
-7.42	-0.157		
-7.42	-0.313		
-7.42	-0.313		
-7.42	-0.313		
-7.42	-0.313		
8.88	0		
8.88	0.61		
8.88	0		
8.88	0.61		
8.88	0		
8.88	0.61		
8.88	0		
8.88	0.61		
8.88	-0.157		
8.88	-0.157		
8.88	-0.157		
8.88	-0.157		
8.88	-0.313		
8.88	-0.313		
8.88	-0.313		
8.88	-0.313		
-1.52	0		
-1.52	0.61		
-1.52	0		
-1.52	0.61		
-1.52	0		
-1.52	0.61		
-1.52	0		
-1.52	0.61		
-1.52	-0.157		
-1.52	-0.157		
-1.52	-0.157		
-1.52	-0.157		
-1.52	-0.313		
-1.52	-0.313		
-1.52	-0.313		
-1.52	-0.313		
-1.52	-0.47		
-1.52	-0.47		
-1.52	-0.47		
-1.52	-0.47		
-1.52	-0.89		
-1.52	-0.89		
-1.52	-0.89		
-1.52	-0.89		
-1.52	-1.49		
-1.52	-1.49		
-1.52	-1.49		
-1.52	-1.49		
-1.52	-2.09		
-1.52	-2.09		
-1.52	-2.09		
-1.52	-2.09		
0	-0.313		
0	-0.157		
0	-0.313		
0	-0.157		
0	-0.313		
0	-0.157		
0	-0.313		
0	-0.157		
0	-0.47		
0	-0.47		
0	-0.47		
0	-0.47		
0	-0.89		
0	-0.89		
0	-0.89		
0	-0.89		
0	-1.49		
0	-1.49		
0	-1.49		
0	-1.49		
0	-2.09		
0	-2.09		
0	-2.09		
0	-2.09		
1.4	-0.313		
1.4	-0.157		
1.4	-0.313		
1.4	-0.157		
1.4	-0.313		
1.4	-0.157		
1.4	-0.313		
1.4	-0.157		
1.4	-0.47		
1.4	-0.47		
1.4	-0.47		
1.4	-0.47		
1.4	-0.89		
1.4	-0.89		
1.4	-0.89		
1.4	-0.89		
1.4	-1.49		
1.4	-1.49		
1.4	-1.49		
1.4	-1.49		
1.4	-2.09		
1.4	-2.09		
1.4	-2.09		
1.4	-2.09		
2.93	0		
2.93	0.62		
2.93	0		
2.93	0.62		
2.93	0		
2.93	0.62		
2.93	0		
2.93	0.62		
2.93	-0.157		
2.93	-0.157		
2.93	-0.157		
2.93	-0.157		
2.93	-0.313		
2.93	-0.313		
2.93	-0.313		
2.93	-0.313		
2.93	-0.47		
2.93	-0.47		
2.93	-0.47		
2.93	-0.47		
2.93	-0.89		
2.93	-0.89		
2.93	-0.89		
2.93	-0.89		
2.93	-1.49		
2.93	-1.49		
2.93	-1.49		
2.93	-1.49		
2.93	-2.09		
2.93	-2.09		
2.93	-2.09		
2.93	-2.09		
0.7	-14.69		
0.7	-14.38		
0.7	-14.69		
0.7	-14.38		
0.7	-14.69		
0.7	-14.38		
0.7	-14.69		
0.7	-14.38		
0.7	-15.29		
0.7	-15.29		
0.7	-15.29		
0.7	-15.29		
0.7	-15.89		
0.7	-15.89		
0.7	-15.89		
0.7	-15.89		
0.7	-16.49		
0.7	-16.49		
0.7	-16.49		
0.7	-16.49		
0.7	-17.09		
0.7	-17.09		
0.7	-17.09		
0.7	-17.09		
0.7	-17.69		
0.7	-17.69		
0.7	-17.69		
0.7	-17.69		
0.7	-18.17		
0.7	-18.17		
0.7	-18.17		
0.7	-18.17		
-3.13	3.8		
-3.6	3.8		
-3.13	3.8		
-3.6	3.8		
-3.13	3.8		
-3.6	3.8		
-3.13	3.8		
-3.6	3.8		
-3.13	3.8		
-3.6	3.8		
-3.13	3.8		
-3.6	3.8		
-3.13	3.8		
-3.6	3.8		
-3.13	3.8		
-3.6	3.8		
-3.13	3.8		
-3.6	3.8		
-3.13	3.8		
-3.6	3.8		
-2.53	3.8		
-2.53	3.8		
-2.53	3.8		
-2.53	3.8		
-2.53	3.8		
-2.53	3.8		
-2.53	3.8		
-2.53	3.8		
-2.53	3.8		
-2.53	3.8		
-1.93	3.8		
-1.93	3.8		
-1.93	3.8		
-1.93	3.8		
-1.93	3.8		
-1.93	3.8		
-1.93	3.8		
-1.93	3.8		
-1.93	3.8		
-1.93	3.8		
-1.52	3.8		
-1.52	3.8		
-1.52	3.8		
-1.52	3.8		
-1.52	3.8		
-1.52	3.8		
-1.52	3.8		
-1.52	3.8		
-1.52	3.8		
-1.52	3.8		
3.48	3.8		
2.93	3.8		
3.48	3.8		
2.93	3.8		
3.48	3.8		
2.93	3.8		
3.48	3.8		
2.93	3.8		
3.48	3.8		
2.93	3.8		
3.48	3.8		
2.93	3.8		
3.48	3.8		
2.93	3.8		
3.48	3.8		
2.93	3.8		
3.48	3.8		
2.93	3.8		
3.48	3.8		
2.93	3.8		
4.08	3.8		
4.08	3.8		
4.08	3.8		
4.08	3.8		
4.08	3.8		
4.08	3.8		
4.08	3.8		
4.08	3.8		
4.08	3.8		
4.08	3.8		
4.68	3.8		
4.68	3.8		
4.68	3.8		
4.68	3.8		
4.68	3.8		
4.68	3.8		
4.68	3.8		
4.68	3.8		
4.68	3.8		
4.68	3.8		
5	3.8		
5	3.8		
5	3.8		
5	3.8		
5	3.8		
5	3.8		
5	3.8		
5	3.8		
5	3.8		
5	3.8		
-7	-0.47		
-7.42	-0.47		
-7	-0.47		
-7.42	-0.47		
-7	-0.47		
-7.42	-0.47		
-7	-0.47		
-7.42	-0.47		
-7	-0.47		
-7.42	-0.47		
-7	-0.47		
-7.42	-0.47		
-7	-0.47		
-7.42	-0.47		
-7	-0.47		
-7.42	-0.47		
-7	-0.47		
-7.42	-0.47		
-7	-0.47		
-7.42	-0.47		
-6.13	-0.47		
-6.13	-0.47		
-6.13	-0.47		
-6.13	-0.47		
-6.13	-0.47		
-6.13	-0.47		
-6.13	-0.47		
-6.13	-0.47		
-6.13	-0.47		
-6.13	-0.47		
-5.53	-0.47		
-5.53	-0.47		
-5.53	-0.47		
-5.53	-0.47		
-5.53	-0.47		
-5.53	-0.47		
-5.53	-0.47		
-5.53	-0.47		
-5.53	-0.47		
-5.53	-0.47		
7.68	-0.47		
7.08	-0.47		
7.68	-0.47		
7.08	-0.47		
7.68	-0.47		
7.08	-0.47		
7.68	-0.47		
7.08	-0.47		
7.68	-0.47		
7.08	-0.47		
7.68	-0.47		
7.08	-0.47		
7.68	-0.47		
7.08	-0.47		
7.68	-0.47		
7.08	-0.47		
7.68	-0.47		
7.08	-0.47		
7.68	-0.47		
7.08	-0.47		
8.4	-0.47		
8.4	-0.47		
8.4	-0.47		
8.4	-0.47		
8.4	-0.47		
8.4	-0.47		
8.4	-0.47		
8.4	-0.47		
8.4	-0.47		
8.4	-0.47		
8.88	-0.47		
8.88	-0.47		
8.88	-0.47		
8.88	-0.47		
8.88	-0.47		
8.88	-0.47		
8.88	-0.47		
8.88	-0.47		
8.88	-0.47		
8.88	-0.47		
-0.73	-7.42		
-1.52	-7.42		
-0.73	-7.42		
-1.52	-7.42		
-0.73	-7.42		
-1.52	-7.42		
-0.73	-7.42		
-1.52	-7.42		
-0.73	-7.42		
-1.52	-7.42		
-0.73	-7.42		
-1.52	-7.42		
-0.73	-7.42		
-1.52	-7.42		
-0.73	-7.42		
-1.52	-7.42		
-0.73	-7.42		
-1.52	-7.42		
-0.73	-7.42		
-1.52	-7.42		
0	-7.42		
0	-7.42		
0	-7.42		
0	-7.42		
0	-7.42		
0	-7.42		
0	-7.42		
0	-7.42		
0	-7.42		
0	-7.42		
0.7	-7.42		
0.7	-7.42		
0.7	-7.42		
0.7	-7.42		
0.7	-7.42		
0.7	-7.42		
0.7	-7.42		
0.7	-7.42		
0.7	-7.42		
0.7	-7.42		
1.08	-7.42		
1.08	-7.42		
1.08	-7.42		
1.08	-7.42		
1.08	-7.42		
1.08	-7.42		
1.08	-7.42		
1.08	-7.42		
1.08	-7.42		
1.08	-7.42		
1.4	-7.42		
1.4	-7.42		
1.4	-7.42		
1.4	-7.42		
1.4	-7.42		
1.4	-7.42		
1.4	-7.42		
1.4	-7.42		
1.4	-7.42		
1.4	-7.42		
2.28	-7.42		
2.28	-7.42		
2.28	-7.42		
2.28	-7.42		
2.28	-7.42		
2.28	-7.42		
2.28	-7.42		
2.28	-7.42		
2.28	-7.42		
2.28	-7.42		
2.93	-7.42		
2.93	-7.42		
2.93	-7.42		
2.93	-7.42		
2.93	-7.42		
2.93	-7.42		
2.93	-7.42		
2.93	-7.42		
2.93	-7.42		
2.93	-7.42		
-7.42	0		
-7.42	0.61		
-7.42	0		
-7.42	0.61		
-7.42	0		
-7.42	0.61		
-7.42	0		
-7.42	0.61		
-7.42	0		
-7.42	0.61		
-7.42	0		
-7.42	0.61		
-7.42	0		
-7.42	0.61		
-7.42	0		
-7.42	0.61		
-7.42	0		
-7.42	0.61		
-7.42	0		
-7.42	0.61		
-7.42	-0.157		
-7.42	-0.157		
-7.42	-0.157		
-7.42	-0.157		
-7.42	-0.157		
-7.42	-0.157		
-7.42	-0.157		
-7.42	-0.157		
-7.42	-0.157		
-7.42	-0.157		
-7.42	-0.313		
-7.42	-0.313		
-7.42	-0.313		
-7.42	-0.313		
-7.42	-0.313		
-7.42	-0.313		
-7.42	-0.313		
-7.42	-0.313		
-7.42	-0.313		
-7.42	-0.313		
8.88	0		
8.88	0.61		
8.88	0		
8.88	0.61		
8.88	0		
8.88	0.61		
8.88	0		
8.88	0.61		
8.88	0		
8.88	0.61		
8.88	0		
8.88	0.61		
8.88	0		
8.88	0.61		
8.88	0		
8.88	0.61		
8.88	0		
8.88	0.61		
8.88	0		
8.88	0.61		
8.88	-0.157		
8.88	-0.157		
8.88	-0.157		
8.88	-0.157		
8.88	-0.157		
8.88	-0.157		
8.88	-0.157		
8.88	-0.157		
8.88	-0.157		
8.88	-0.157		
8.88	-0.313		
8.88	-0.313		
8.88	-0.313		
8.88	-0.313		
8.88	-0.313		
8.88	-0.313		
8.88	-0.313		
8.88	-0.313		
8.88	-0.313		
8.88	-0.313		
-1.52	0		
-1.52	0.61		
-1.52	0		
-1.52	0.61		
-1.52	0		
-1.52	0.61		
-1.52	0		
-1.52	0.61		
-1.52	0		
-1.52	0.61		
-1.52	0		
-1.52	0.61		
-1.52	0		
-1.52	0.61		
-1.52	0		
-1.52	0.61		
-1.52	0		
-1.52	0.61		
-1.52	0		
-1.52	0.61		
-1.52	-0.157		
-1.52	-0.157		
-1.52	-0.157		
-1.52	-0.157		
-1.52	-0.157		
-1.52	-0.157		
-1.52	-0.157		
-1.52	-0.157		
-1.52	-0.157		
-1.52	-0.157		
-1.52	-0.313		
-1.52	-0.313		
-1.52	-0.313		
-1.52	-0.313		
-1.52	-0.313		
-1.52	-0.313		
-1.52	-0.313		
-1.52	-0.313		
-1.52	-0.313		
-1.52	-0.313		
-1.52	-0.47		
-1.52	-0.47		
-1.52	-0.47		
-1.52	-0.47		
-1.52	-0.47		
-1.52	-0.47		
-1.52	-0.47		
-1.52	-0.47		
-1.52	-0.47		
-1.52	-0.47		
-1.52	-0.89		
-1.52	-0.89		
-1.52	-0.89		
-1.52	-0.89		
-1.52	-0.89		
-1.52	-0.89		
-1.52	-0.89		
-1.52	-0.89		
-1.52	-0.89		
-1.52	-0.89		
-1.52	-1.49		
-1.52	-1.49		
-1.52	-1.49		
-1.52	-1.49		
-1.52	-1.49		
-1.52	-1.49		
-1.52	-1.49		
-1.52	-1.49		
-1.52	-1.49		
-1.52	-1.49		
-1.52	-2.09		
-1.52	-2.09		
-1.52	-2.09		
-1.52	-2.09		
-1.52	-2.09		
-1.52	-2.09		
-1.52	-2.09		
-1.52	-2.09		
-1.52	-2.09		
-1.52	-2.09		
0	-0.313		
0	-0.157		
0	-0.313		
0	-0.157		
0	-0.313		
0	-0.157		
0	-0.313		
0	-0.157		
0	-0.313		
0	-0.157		
0	-0.313		
0	-0.157		
0	-0.313		
0	-0.157		
0	-0.313		
0	-0.157		
0	-0.313		
0	-0.157		
0	-0.313		
0	-0.157		
0	-0.47		
0	-0.47		
0	-0.47		
0	-0.47		
0	-0.47		
0	-0.47		
0	-0.47		
0	-0.47		
0	-0.47		
0	-0.47		
0	-0.89		
0	-0.89		
0	-0.89		
0	-0.89		
0	-0.89		
0	-0.89		
0	-0.89		
0	-0.89		
0	-0.89		
0	-0.89		
0	-1.49		
0	-1.49		
0	-1.49		
0	-1.49		
0	-1.49		
0	-1.49		
0	-1.49		
0	-1.49		
0	-1.49		
0	-1.49		
0	-2.09		
0	-2.09		
0	-2.09		
0	-2.09		
0	-2.09		
0	-2.09		
0	-2.09		
0	-2.09		
0	-2.09		
0	-2.09		
1.4	-0.313		
1.4	-0.157		
1.4	-0.313		
1.4	-0.157		
1.4	-0.313		
1.4	-0.157		
1.4	-0.313		
1.4	-0.157		
1.4	-0.313		
1.4	-0.157		
1.4	-0.313		
1.4	-0.157		
1.4	-0.313		
1.4	-0.157		
1.4	-0.313		
1.4	-0.157		
1.4	-0.313		
1.4	-0.157		
1.4	-0.313		
1.4	-0.157		
1.4	-0.47		
1.4	-0.47		
1.4	-0.47		
1.4	-0.47		
1.4	-0.47		
1.4	-0.47		
1.4	-0.47		
1.4	-0.47		
1.4	-0.47		
1.4	-0.47		
1.4	-0.89		
1.4	-0.89		
1.4	-0.89		
1.4	-0.89		
1.4	-0.89		
1.4	-0.89		
1.4	-0.89		
1.4	-0.89		
1.4	-0.89		
1.4	-0.89		
1.4	-1.49		
1.4	-1.49		
1.4	-1.49		
1.4	-1.49		
1.4	-1.49		
1.4	-1.49		
1.4	-1.49		
1.4	-1.49		
1.4	-1.49		
1.4	-1.49		
1.4	-2.09		
1.4	-2.09		
1.4	-2.09		
1.4	-2.09		
1.4	-2.09		
1.4	-2.09		
1.4	-2.09		
1.4	-2.09		
1.4	-2.09		
1.4	-2.09		
2.93	0		
2.93	0.62		
2.93	0		
2.93	0.62		
2.93	0		
2.93	0.62		
2.93	0		
2.93	0.62		
2.93	0		
2.93	0.62		
2.93	0		
2.93	0.62		
2.93	0		
2.93	0.62		
2.93	0		
2.93	0.62		
2.93	0		
2.93	0.62		
2.93	0		
2.93	0.62		
2.93	-0.157		
2.93	-0.157		
2.93	-0.157		
2.93	-0.157		
2.93	-0.157		
2.93	-0.157		
2.93	-0.157		
2.93	-0.157		
2.93	-0.157		
2.93	-0.157		
2.93	-0.313		
2.93	-0.313		
2.93	-0.313		
2.93	-0.313		
2.93	-0.313		
2.93	-0.313		
2.93	-0.313		
2.93	-0.313		
2.93	-0.313		
2.93	-0.313		
2.93	-0.47		
2.93	-0.47		
2.93	-0.47		
2.93	-0.47		
2.93	-0.47		
2.93	-0.47		
2.93	-0.47		
2.93	-0.47		
2.93	-0.47		
2.93	-0.47		
2.93	-0.89		
2.93	-0.89		
2.93	-0.89		
2.93	-0.89		
2.93	-0.89		
2.93	-0.89		
2.93	-0.89		
2.93	-0.89		
2.93	-0.89		
2.93	-0.89		
2.93	-1.49		
2.93	-1.49		
2.93	-1.49		
2.93	-1.49		
2.93	-1.49		
2.93	-1.49		
2.93	-1.49		
2.93	-1.49		
2.93	-1.49		
2.93	-1.49		
2.93	-2.09		
2.93	-2.09		
2.93	-2.09		
2.93	-2.09		
2.93	-2.09		
2.93	-2.09		
2.93	-2.09		
2.93	-2.09		
2.93	-2.09		
2.93	-2.09		
0.7	-14.69		
0.7	-14.38		
0.7	-14.69		
0.7	-14.38		
0.7	-14.69		
0.7	-14.38		
0.7	-14.69		
0.7	-14.38		
0.7	-14.69		
0.7	-14.38		
0.7	-14.69		
0.7	-14.38		
0.7	-14.69		
0.7	-14.38		
0.7	-14.69		
0.7	-14.38		
0.7	-14.69		
0.7	-14.38		
0.7	-14.69		
0.7	-14.38		
0.7	-15.29		
0.7	-15.29		
0.7	-15.29		
0.7	-15.29		
0.7	-15.29		
0.7	-15.29		
0.7	-15.29		
0.7	-15.29		
0.7	-15.29		
0.7	-15.29		
0.7	-15.89		
0.7	-15.89		
0.7	-15.89		
0.7	-15.89		
0.7	-15.89		
0.7	-15.89		
0.7	-15.89		
0.7	-15.89		
0.7	-15.89		
0.7	-15.89		
0.7	-16.49		
0.7	-16.49		
0.7	-16.49		
0.7	-16.49		
0.7	-16.49		
0.7	-16.49		
0.7	-16.49		
0.7	-16.49		
0.7	-16.49		
0.7	-16.49		
0.7	-17.09		
0.7	-17.09		
0.7	-17.09		
0.7	-17.09		
0.7	-17.09		
0.7	-17.09		
0.7	-17.09		
0.7	-17.09		
0.7	-17.09		
0.7	-17.09		
0.7	-17.69		
0.7	-17.69		
0.7	-17.69		
0.7	-17.69		
0.7	-17.69		
0.7	-17.69		
0.7	-17.69		
0.7	-17.69		
0.7	-17.69		
0.7	-17.69		
0.7	-18.17		
0.7	-18.17		
0.7	-18.17		
0.7	-18.17		
0.7	-18.17		
0.7	-18.17		
0.7	-18.17		
0.7	-18.17		
0.7	-18.17		
0.7	-18.17		
-9.73	3.38		
-10.4	3.38		
-9.73	3.38		
-10.4	3.38		
-9.73	3.38		
-10.4	3.38		
-9.73	3.38		
-10.4	3.38		
-9.73	3.38		
-10.4	3.38		
-9.13	3.38		
-9.13	3.38		
-9.13	3.38		
-9.13	3.38		
-9.13	3.38		
-8.53	3.38		
-8.53	3.38		
-8.53	3.38		
-8.53	3.38		
-8.53	3.38		
-7.93	3.38		
-7.93	3.38		
-7.93	3.38		
-7.93	3.38		
-7.93	3.38		
-7.42	3.38		
-7.42	3.38		
-7.42	3.38		
-7.42	3.38		
-7.42	3.38		
-7	3.38		
-7	3.38		
-7	3.38		
-7	3.38		
-7	3.38		
-6.13	3.38		
-6.13	3.38		
-6.13	3.38		
-6.13	3.38		
-6.13	3.38		
-5.53	3.38		
-5.53	3.38		
-5.53	3.38		
-5.53	3.38		
-5.53	3.38		
-4.93	3.38		
-4.93	3.38		
-4.93	3.38		
-4.93	3.38		
-4.93	3.38		
-4.33	3.38		
-4.33	3.38		
-4.33	3.38		
-4.33	3.38		
-4.33	3.38		
-3.6	3.38		
-3.6	3.38		
-3.6	3.38		
-3.6	3.38		
-3.6	3.38		
-0.72	3.8		
-0.72	3.8		
-0.72	3.8		
-0.72	3.8		
-0.72	3.8		
0	3.8		
0	3.8		
0	3.8		
0	3.8		
0	3.8		
0.7	3.8		
0.7	3.8		
0.7	3.8		
0.7	3.8		
0.7	3.8		
1.08	3.8		
1.08	3.8		
1.08	3.8		
1.08	3.8		
1.08	3.8		
1.4	3.8		
1.4	3.8		
1.4	3.8		
1.4	3.8		
1.4	3.8		
2.28	3.8		
2.28	3.8		
2.28	3.8		
2.28	3.8		
2.28	3.8		
5	3.38		
5	3.38		
5	3.38		
5	3.38		
5	3.38		
5.88	3.38		
5.88	3.38		
5.88	3.38		
5.88	3.38		
5.88	3.38		
6.48	3.38		
6.48	3.38		
6.48	3.38		
6.48	3.38		
6.48	3.38		
7.08	3.38		
7.08	3.38		
7.08	3.38		
7.08	3.38		
7.08	3.38		
7.68	3.38		
7.68	3.38		
7.68	3.38		
7.68	3.38		
7.68	3.38		
8.4	3.38		
8.4	3.38		
8.4	3.38		
8.4	3.38		
8.4	3.38		
8.88	3.38		
8.88	3.38		
8.88	3.38		
8.88	3.38		
8.88	3.38		
9.48	3.38		
9.48	3.38		
9.48	3.38		
9.48	3.38		
9.48	3.38		
10.08	3.38		
10.08	3.38		
10.08	3.38		
10.08	3.38		
10.08	3.38		
10.68	3.38		
10.68	3.38		
10.68	3.38		
10.68	3.38		
10.68	3.38		
11.28	3.38		
11.28	3.38		
11.28	3.38		
11.28	3.38		
11.28	3.38		
11.8	3.38		
11.8	3.38		
11.8	3.38		
11.8	3.38		
11.8	3.38		
12.48	3.37		
12.48	3.37		
12.48	3.37		
12.48	3.37		
12.48	3.37		
12.48	2.71		
12.48	2.71		
12.48	2.71		
12.48	2.71		
12.48	2.71		
12.48	2.11		
12.48	2.11		
12.48	2.11		
12.48	2.11		
12.48	2.11		
12.48	1.51		
12.48	1.51		
12.48	1.51		
12.48	1.51		
12.48	1.51		
12.48	0.61		
12.48	0.61		
12.48	0.61		
12.48	0.61		
12.48	0.61		
12.48	0		
12.48	0		
12.48	0		
12.48	0		
12.48	0		
13.08	0		
13.08	0		
13.08	0		
13.08	0		
13.08	0		
13.68	0		
13.68	0		
13.68	0		
13.68	0		
13.68	0		
14.28	0		
14.28	0		
14.28	0		
14.28	0		
14.28	0		
14.88	0		
14.88	0		
14.88	0		
14.88	0		
14.88	0		
15.48	0		
15.48	0		
15.48	0		
15.48	0		
15.48	0		
16.08	0		
16.08	0		
16.08	0		
16.08	0		
16.08	0		
-10.4	2.71		
-10.4	2.71		
-10.4	2.71		
-10.4	2.71		
-10.4	2.71		
-10.4	2.11		
-10.4	2.11		
-10.4	2.11		
-10.4	2.11		
-10.4	2.11		
-10.4	1.51		
-10.4	1.51		
-10.4	1.51		
-10.4	1.51		
-10.4	1.51		
-10.4	0.61		
-10.4	0.61		
-10.4	0.61		
-10.4	0.61		
-10.4	0.61		
-10.4	0		
-10.4	0		
-10.4	0		
-10.4	0		
-10.4	0		
-10.4	-0.157		
-10.4	-0.157		
-10.4	-0.157		
-10.4	-0.157		
-10.4	-0.157		
-10.4	-0.313		
-10.4	-0.313		
-10.4	-0.313		
-10.4	-0.313		
-10.4	-0.313		
-10.4	-0.47		
-10.4	-0.47		
-10.4	-0.47		
-10.4	-0.47		
-10.4	-0.47		
-10.4	-0.89		
-10.4	-0.89		
-10.4	-0.89		
-10.4	-0.89		
-10.4	-0.89		
-10.4	-1.49		
-10.4	-1.49		
-10.4	-1.49		
-10.4	-1.49		
-10.4	-1.49		
-10.4	-2.09		
-10.4	-2.09		
-10.4	-2.09		
-10.4	-2.09		
-10.4	-2.09		
-10.4	-2.69		
-10.4	-2.69		
-10.4	-2.69		
-10.4	-2.69		
-10.4	-2.69		
-10.4	-3.29		
-10.4	-3.29		
-10.4	-3.29		
-10.4	-3.29		
-10.4	-3.29		
-10.4	-3.89		
-10.4	-3.89		
-10.4	-3.89		
-10.4	-3.89		
-10.4	-3.89		
-10.4	-4.49		
-10.4	-4.49		
-10.4	-4.49		
-10.4	-4.49		
-10.4	-4.49		
-10.4	-5.09		
-10.4	-5.09		
-10.4	-5.09		
-10.4	-5.09		
-10.4	-5.09		
-10.4	-5.43		
-10.4	-5.43		
-10.4	-5.43		
-10.4	-5.43		
-10.4	-5.43		
-10.4	-6.29		
-10.4	-6.29		
-10.4	-6.29		
-10.4	-6.29		
-10.4	-6.29		
-10.4	-6.82		
-10.4	-6.82		
-10.4	-6.82		
-10.4	-6.82		
-10.4	-6.82		
-10.4	-7.42		
-10.4	-7.42		
-10.4	-7.42		
-10.4	-7.42		
-10.4	-7.42		
-10.4	-8.09		
-10.4	-8.09		
-10.4	-8.09		
-10.4	-8.09		
-10.4	-8.09		
-10.4	-8.69		
-10.4	-8.69		
-10.4	-8.69		
-10.4	-8.69		
-10.4	-8.69		
-10.4	-9.29		
-10.4	-9.29		
-10.4	-9.29		
-10.4	-9.29		
-10.4	-9.29		
-10.4	-9.89		
-10.4	-9.89		
-10.4	-9.89		
-10.4	-9.89		
-10.4	-9.89		
-10.4	-10.49		
-10.4	-10.49		
-10.4	-10.49		
-10.4	-10.49		
-10.4	-10.49		
-10.4	-11.09		
-10.4	-11.09		
-10.4	-11.09		
-10.4	-11.09		
-10.4	-11.09		
-10.4	-11.69		
-10.4	-11.69		
-10.4	-11.69		
-10.4	-11.69		
-10.4	-11.69		
-10.4	-12.29		
-10.4	-12.29		
-10.4	-12.29		
-10.4	-12.29		
-10.4	-12.29		
-10.4	-12.89		
-10.4	-12.89		
-10.4	-12.89		
-10.4	-12.89		
-10.4	-12.89		
-10.4	-13.49		
-10.4	-13.49		
-10.4	-13.49		
-10.4	-13.49		
-10.4	-13.49		
-10.4	-14.38		
-10.4	-14.38		
-10.4	-14.38		
-10.4	-14.38		
-10.4	-14.38		
-10.4	-14.69		
-10.4	-14.69		
-10.4	-14.69		
-10.4	-14.69		
-10.4	-14.69		
-10.4	-15.29		
-10.4	-15.29		
-10.4	-15.29		
-10.4	-15.29		
-10.4	-15.29		
-10.4	-15.89		
-10.4	-15.89		
-10.4	-15.89		
-10.4	-15.89		
-10.4	-15.89		
-10.4	-16.49		
-10.4	-16.49		
-10.4	-16.49		
-10.4	-16.49		
-10.4	-16.49		
-10.4	-17.09		
-10.4	-17.09		
-10.4	-17.09		
-10.4	-17.09		
-10.4	-17.09		
-10.4	-17.69		
-10.4	-17.69		
-10.4	-17.69		
-10.4	-17.69		
-10.4	-17.69		
-10.4	-18.17		
-10.4	-18.17		
-10.4	-18.17		
-10.4	-18.17		
-10.4	-18.17		
-10.4	-18.89		
-10.4	-18.89		
-10.4	-18.89		
-10.4	-18.89		
-10.4	-18.89		
-10.4	-19.49		
-10.4	-19.49		
-10.4	-19.49		
-10.4	-19.49		
-10.4	-19.49		
-10.4	-20.09		
-10.4	-20.09		
-10.4	-20.09		
-10.4	-20.09		
-10.4	-20.09		
-10.4	-20.69		
-10.4	-20.69		
-10.4	-20.69		
-10.4	-20.69		
-10.4	-20.69		
-10.4	-21.29		
-10.4	-21.29		
-10.4	-21.29		
-10.4	-21.29		
-10.4	-21.29		
-10.4	-21.98		
-10.4	-21.98		
-10.4	-21.98		
-10.4	-21.98		
-10.4	-21.98		
-9.73	-21.98		
-9.73	-21.98		
-9.73	-21.98		
-9.73	-21.98		
-9.73	-21.98		
-9.13	-21.98		
-9.13	-21.98		
-9.13	-21.98		
-9.13	-21.98		
-9.13	-21.98		
-8.53	-21.98		
-8.53	-21.98		
-8.53	-21.98		
-8.53	-21.98		
-8.53	-21.98		
-7.93	-21.98		
-7.93	-21.98		
-7.93	-21.98		
-7.93	-21.98		
-7.93	-21.98		
-7.42	-21.98		
-7.42	-21.98		
-7.42	-21.98		
-7.42	-21.98		
-7.42	-21.98		
-7	-21.98		
-7	-21.98		
-7	-21.98		
-7	-21.98		
-7	-21.98		
-6.13	-21.98		
-6.13	-21.98		
-6.13	-21.98		
-6.13	-21.98		
-6.13	-21.98		
-5.53	-21.98		
-5.53	-21.98		
-5.53	-21.98		
-5.53	-21.98		
-5.53	-21.98		
-4.93	-21.98		
-4.93	-21.98		
-4.93	-21.98		
-4.93	-21.98		
-4.93	-21.98		
-4.33	-21.98		
-4.33	-21.98		
-4.33	-21.98		
-4.33	-21.98		
-4.33	-21.98		
-3.6	-21.98		
-3.6	-21.98		
-3.6	-21.98		
-3.6	-21.98		
-3.6	-21.98		
-3.13	-21.98		
-3.13	-21.98		
-3.13	-21.98		
-3.13	-21.98		
-3.13	-21.98		
-2.53	-21.98		
-2.53	-21.98		
-2.53	-21.98		
-2.53	-21.98		
-2.53	-21.98		
-1.93	-21.98		
-1.93	-21.98		
-1.93	-21.98		
-1.93	-21.98		
-1.93	-21.98		
-1.53	-21.98		
-1.53	-21.98		
-1.53	-21.98		
-1.53	-21.98		
-1.53	-21.98		
-0.73	-21.98		
-0.73	-21.98		
-0.73	-21.98		
-0.73	-21.98		
-0.73	-21.98		
0	-21.98		
0	-21.98		
0	-21.98		
0	-21.98		
0	-21.98		
0.7	-21.98		
0.7	-21.98		
0.7	-21.98		
0.7	-21.98		
0.7	-21.98		
1.07	-21.98		
1.07	-21.98		
1.07	-21.98		
1.07	-21.98		
1.07	-21.98		
1.4	-21.98		
1.4	-21.98		
1.4	-21.98		
1.4	-21.98		
1.4	-21.98		
2.28	-21.98		
2.28	-21.98		
2.28	-21.98		
2.28	-21.98		
2.28	-21.98		
2.92	-21.97		
2.92	-21.97		
2.92	-21.97		
2.92	-21.97		
2.92	-21.97		
3.48	-21.98		
3.48	-21.98		
3.48	-21.98		
3.48	-21.98		
3.48	-21.98		
4.08	-21.98		
4.08	-21.98		
4.08	-21.98		
4.08	-21.98		
4.08	-21.98		
4.68	-21.98		
4.68	-21.98		
4.68	-21.98		
4.68	-21.98		
4.68	-21.98		
5	-21.98		
5	-21.98		
5	-21.98		
5	-21.98		
5	-21.98		
5.88	-21.98		
5.88	-21.98		
5.88	-21.98		
5.88	-21.98		
5.88	-21.98		
6.48	-21.98		
6.48	-21.98		
6.48	-21.98		
6.48	-21.98		
6.48	-21.98		
7.08	-21.98		
7.08	-21.98		
7.08	-21.98		
7.08	-21.98		
7.08	-21.98		
7.68	-21.98		
7.68	-21.98		
7.68	-21.98		
7.68	-21.98		
7.68	-21.98		
8.4	-21.98		
8.4	-21.98		
8.4	-21.98		
8.4	-21.98		
8.4	-21.98		
8.88	-21.98		
8.88	-21.98		
8.88	-21.98		
8.88	-21.98		
8.88	-21.98		
9.48	-21.98		
9.48	-21.98		
9.48	-21.98		
9.48	-21.98		
9.48	-21.98		
10.08	-21.98		
10.08	-21.98		
10.08	-21.98		
10.08	-21.98		
10.08	-21.98		
10.68	-21.98		
10.68	-21.98		
10.68	-21.98		
10.68	-21.98		
10.68	-21.98		
11.28	-21.98		
11.28	-21.98		
11.28	-21.98		
11.28	-21.98		
11.28	-21.98		
11.8	-21.98		
11.8	-21.98		
11.8	-21.98		
11.8	-21.98		
11.8	-21.98		
12.48	-21.98		
12.48	-21.98		
12.48	-21.98		
12.48	-21.98		
12.48	-21.98		
13.08	-21.98		
13.08	-21.98		
13.08	-21.98		
13.08	-21.98		
13.08	-21.98		
13.68	-21.98		
13.68	-21.98		
13.68	-21.98		
13.68	-21.98		
13.68	-21.98		
14.28	-21.98		
14.28	-21.98		
14.28	-21.98		
14.28	-21.98		
14.28	-21.98		
14.88	-21.98		
14.88	-21.98		
14.88	-21.98		
14.88	-21.98		
14.88	-21.98		
15.48	-21.98		
15.48	-21.98		
15.48	-21.98		
15.48	-21.98		
15.48	-21.98		
16.08	-21.98		
16.08	-21.98		
16.08	-21.98		
16.08	-21.98		
16.08	-21.98		
